1645091622.59465,22.33,20.00,20.56,20.99,20.68,18.95,19.52,19.82,
1645091622.6947136,22.38,20.08,20.51,20.95,20.64,18.87,19.38,20.21,
1645091622.8047764,22.29,19.98,20.54,20.88,20.72,18.87,19.42,20.04,
1645091622.9047773,22.33,19.94,20.49,21.01,20.74,18.81,19.40,19.94,
1645091623.0147815,22.21,19.96,20.43,20.88,20.64,18.95,19.34,19.98,
1645091623.1247716,22.44,19.96,20.54,20.88,20.72,18.87,19.44,20.02,
1645091623.234766,22.44,20.04,20.51,21.01,20.62,18.87,19.54,20.17,
1645091623.3447692,22.33,20.00,20.47,20.82,20.68,18.81,19.28,19.98,
1645091623.4447699,22.42,20.08,20.51,20.95,20.58,18.81,19.40,20.04,
1645091623.5547848,22.40,20.00,20.41,21.05,20.62,18.95,19.42,19.96,
1645091623.6646492,22.33,20.02,20.45,21.01,20.72,18.75,19.52,20.25,
1645091623.764651,22.38,19.89,20.51,21.01,20.54,18.69,19.48,19.96,
1645091623.864651,22.29,19.94,20.60,20.88,20.64,18.87,19.30,19.88,
1645091623.9746954,22.40,20.06,20.49,21.01,20.58,18.87,19.40,19.86,
1645091624.0747647,22.37,20.00,20.53,20.95,20.58,18.81,19.40,19.90,
1645091624.1847742,22.25,19.96,20.43,20.93,20.62,18.87,19.34,19.94,
1645091624.294774,22.38,20.04,20.45,20.90,20.62,18.81,19.32,20.29,
1645091624.4047127,22.37,20.00,20.39,20.95,20.74,18.87,19.40,20.02,
1645091624.5047867,22.44,20.04,20.54,21.01,20.68,18.87,19.25,20.14,
1645091624.6147254,22.29,19.96,20.58,20.95,20.78,18.95,19.36,19.94,
1645091624.72465,22.29,19.94,20.47,20.99,20.68,18.87,19.42,20.08,
1645091624.8247683,22.37,19.96,20.45,20.99,20.62,18.81,19.38,20.19,
1645091624.9347615,22.33,20.02,20.49,20.93,20.78,18.81,19.54,19.98,
1645091625.0447617,22.27,20.02,20.56,20.91,20.68,18.87,19.48,20.02,
1645091625.1546626,22.40,19.91,20.54,20.93,20.68,18.95,19.32,20.02,
1645091625.2547772,22.27,19.94,20.51,20.88,20.72,18.81,19.42,20.21,
1645091625.364774,22.42,19.96,20.45,20.95,20.68,18.81,19.34,20.08,
1645091625.474705,22.42,20.00,20.41,20.88,20.62,18.81,19.48,19.92,
1645091625.5847714,22.42,20.06,20.41,20.93,20.64,18.87,19.30,20.10,
1645091625.6947758,22.35,19.92,20.56,20.95,20.62,18.87,19.42,19.98,
1645091625.8046453,22.38,19.92,20.37,20.93,20.64,18.87,19.46,19.96,
1645091625.904758,22.37,19.98,20.37,20.90,20.68,18.81,19.44,20.10,
1645091626.0146465,22.37,20.00,20.47,20.82,20.62,18.81,19.38,20.04,
1645091626.1247125,22.37,20.00,20.54,20.82,20.78,18.81,19.40,20.02,
1645091626.2347853,22.37,20.00,20.41,21.01,20.62,18.87,19.40,19.92,
1645091626.344773,22.38,19.96,20.51,20.93,20.74,18.87,19.42,20.04,
1645091626.4447827,22.25,19.94,20.53,20.95,20.62,18.75,19.40,20.04,
1645091626.554645,22.44,19.92,20.45,20.99,20.62,18.87,19.42,19.88,
1645091626.654691,22.44,20.02,20.47,20.93,20.58,18.95,19.52,20.06,
1645091626.7547543,22.37,20.00,20.60,20.88,20.72,18.87,19.36,20.06,
1645091626.864647,22.29,20.09,20.51,20.90,20.62,18.87,19.50,20.04,
1645091626.96476,22.35,19.94,20.43,21.01,20.78,18.87,19.32,19.98,
1645091627.0647712,22.40,19.96,20.47,20.88,20.52,18.81,19.27,19.98,
1645091627.1647744,22.31,19.94,20.37,20.90,20.68,18.81,19.34,19.96,
1645091627.27477,22.29,20.08,20.53,20.88,20.81,18.87,19.42,19.98,
1645091627.384781,22.44,20.06,20.43,20.90,20.72,18.75,19.38,20.10,
1645091627.4947798,22.29,19.92,20.56,20.95,20.68,18.81,19.42,20.02,
1645091627.6047666,22.37,20.00,20.41,20.93,20.62,18.87,19.42,19.92,
1645091627.714773,22.27,20.04,20.60,20.95,20.68,18.87,19.48,20.10,
1645091627.8247695,22.29,20.00,20.43,20.76,20.49,18.81,19.38,20.12,
1645091627.934768,22.44,19.96,20.51,20.93,20.74,18.87,19.32,20.10,
1645091628.0347703,22.33,19.91,20.54,20.95,20.58,18.81,19.44,19.94,
1645091628.1347725,22.37,20.00,20.41,21.01,20.54,18.81,19.38,20.04,
1645091628.2447658,22.44,19.91,20.49,20.88,20.64,18.81,19.54,20.10,
1645091628.3547719,22.46,20.00,20.47,20.88,20.62,18.81,19.42,19.98,
1645091628.4647799,22.40,20.02,20.47,20.95,20.64,18.87,19.44,19.98,
1645091628.5747705,22.44,20.00,20.56,21.07,20.64,18.87,19.25,20.12,
1645091628.6847715,22.33,20.06,20.53,21.01,20.64,18.87,19.34,20.02,
1645091628.7947679,22.37,20.00,20.62,21.07,20.64,18.81,19.32,19.98,
1645091628.8947706,22.46,19.87,20.51,20.88,20.64,18.87,19.38,20.08,
1645091629.004761,22.37,20.00,20.49,20.95,20.78,18.87,19.48,20.23,
1645091629.1147656,22.42,19.87,20.43,20.99,20.78,18.95,19.58,20.04,
1645091629.2247653,22.42,19.89,20.49,20.97,20.74,18.81,19.44,19.92,
1645091629.3347602,22.31,20.00,20.49,20.93,20.58,18.81,19.26,19.98,
1645091629.4447558,22.48,20.06,20.37,21.07,20.72,18.87,19.25,20.04,
1645091629.5447679,22.33,19.87,20.45,20.93,20.74,18.81,19.54,20.00,
1645091629.6447704,22.40,19.94,20.54,21.01,20.68,18.95,19.26,20.12,
1645091629.7547586,22.33,20.04,20.51,20.88,20.74,18.87,19.28,20.10,
1645091629.8547661,22.42,20.09,20.41,20.95,20.54,18.87,19.30,19.90,
1645091629.9647691,22.44,19.94,20.49,21.01,20.68,18.75,19.44,20.10,
1645091630.0747633,22.40,20.02,20.45,20.93,20.68,18.81,19.26,19.84,
1645091630.1747684,22.40,20.02,20.53,20.99,20.81,18.75,19.34,19.98,
1645091630.2846792,22.33,19.96,20.56,20.90,20.64,18.95,19.44,20.04,
1645091630.3947625,22.33,20.06,20.56,20.90,20.72,18.95,19.44,19.96,
1645091630.5047657,22.48,19.90,20.49,20.97,20.72,18.81,19.42,19.92,
1645091630.6147678,22.33,19.96,20.60,20.95,20.68,18.81,19.32,20.14,
1645091630.72476,22.48,20.06,20.51,20.95,20.78,18.95,19.28,19.90,
1645091630.8247607,22.46,19.90,20.51,20.88,20.68,18.95,19.48,20.08,
1645091630.9247677,22.42,20.04,20.62,20.90,20.72,18.87,19.52,20.02,
1645091631.034762,22.38,19.92,20.41,20.95,20.64,18.87,19.38,20.06,
1645091631.1447625,22.42,19.90,20.53,20.93,20.45,18.81,19.38,20.04,
1645091631.2447646,22.42,20.07,20.51,21.01,20.62,18.87,19.48,20.02,
1645091631.354753,22.40,20.09,20.51,20.88,20.72,18.81,19.48,20.21,
1645091631.4547653,22.50,20.06,20.45,20.88,20.64,18.75,19.48,20.00,
1645091631.554767,22.42,20.00,20.60,21.13,20.62,18.75,19.48,20.04,
1645091631.6647644,22.38,19.96,20.68,21.07,20.72,18.95,19.48,19.94,
1645091631.7747602,22.42,20.04,20.41,20.95,20.62,18.87,19.44,20.17,
1645091631.8747604,22.37,20.06,20.51,20.88,20.62,18.81,19.38,19.94,
1645091631.9747653,22.29,19.96,20.47,20.93,20.64,18.81,19.32,20.14,
1645091632.0847564,22.42,20.02,20.53,20.93,20.78,18.81,19.25,20.02,
1645091632.1947181,22.33,20.00,20.54,20.99,20.64,18.75,19.34,20.17,
1645091632.2947662,22.38,20.02,20.45,20.93,20.64,18.81,19.38,20.04,
1645091632.4047546,22.40,20.00,20.49,20.95,20.72,18.87,19.52,20.00,
1645091632.5047615,22.46,19.96,20.49,20.88,20.72,18.95,19.36,20.08,
1645091632.6047618,22.42,19.87,20.51,20.95,20.64,18.75,19.38,20.02,
1645091632.7047722,22.42,20.00,20.56,21.01,20.72,18.81,19.36,20.17,
1645091632.8147583,22.46,20.06,20.45,20.88,20.62,18.81,19.48,20.10,
1645091632.9147623,22.33,20.06,20.58,20.88,20.74,18.75,19.32,20.02,
1645091633.0247588,22.38,19.96,20.60,21.01,20.64,18.87,19.34,19.98,
1645091633.1347573,22.35,20.04,20.51,20.95,20.64,18.81,19.42,19.98,
1645091633.234762,22.42,20.11,20.58,20.88,20.62,18.87,19.44,20.10,
1645091633.3447537,22.33,20.00,20.62,21.01,20.58,18.75,19.44,19.98,
1645091633.45475,22.42,19.92,20.62,20.88,20.78,18.87,19.48,20.00,
1645091633.5547612,22.38,20.04,20.49,21.01,20.64,18.81,19.44,20.02,
1645091633.6646352,22.37,19.96,20.47,21.05,20.68,18.75,19.40,20.10,
1645091633.764758,22.37,20.09,20.47,21.01,20.64,18.81,19.52,20.02,
1645091633.8747606,22.37,19.94,20.62,20.93,20.62,18.81,19.32,20.06,
1645091633.9847457,22.40,20.06,20.56,20.93,20.72,18.69,19.34,19.96,
1645091634.0847542,22.46,20.06,20.47,21.01,20.72,18.87,19.34,20.02,
1645091634.18476,22.35,19.90,20.60,20.95,20.72,18.87,19.40,20.08,
1645091634.2847629,22.25,19.96,20.39,20.95,20.64,18.75,19.38,20.02,
1645091634.3947573,22.50,20.00,20.51,20.93,20.68,18.75,19.32,20.08,
1645091634.5047576,22.31,20.09,20.41,21.01,20.64,18.87,19.42,20.00,
1645091634.6047587,22.27,19.92,20.60,21.01,20.64,18.81,19.34,20.17,
1645091634.7147624,22.31,20.00,20.60,21.07,20.62,18.87,19.30,19.92,
1645091634.824754,22.37,20.00,20.60,21.07,20.64,18.95,19.36,20.16,
1645091634.9247615,22.38,20.00,20.60,20.88,20.74,18.81,19.48,19.96,
1645091635.0247667,22.44,19.94,20.49,20.90,20.64,18.75,19.44,19.92,
1645091635.134757,22.33,20.06,20.43,20.95,20.68,18.81,19.48,19.98,
1645091635.2347581,22.33,20.08,20.45,20.99,20.74,18.87,19.44,20.04,
1645091635.3447127,22.40,20.02,20.37,21.05,20.68,18.87,19.34,20.00,
1645091635.444757,22.27,19.92,20.58,20.82,20.52,18.87,19.30,20.02,
1645091635.554757,22.27,20.00,20.41,20.84,20.78,18.87,19.34,20.02,
1645091635.6547582,22.37,20.04,20.41,20.88,20.72,18.95,19.48,19.90,
1645091635.764752,22.29,19.96,20.47,20.88,20.68,18.81,19.23,20.14,
1645091635.864758,22.31,20.00,20.54,20.90,20.72,18.87,19.42,20.00,
1645091635.9647593,22.23,19.91,20.56,20.90,20.58,18.81,19.54,19.92,
1645091636.0747566,22.33,19.94,20.51,20.93,20.78,18.81,19.34,19.90,
1645091636.1847498,22.29,20.00,20.64,21.01,20.62,18.87,19.54,19.94,
1645091636.2947679,22.42,20.00,20.51,21.01,20.72,18.81,19.28,19.90,
1645091636.404751,22.52,20.02,20.41,20.86,20.68,18.87,19.36,20.00,
1645091636.5047534,22.48,20.06,20.60,20.82,20.58,19.00,19.38,19.98,
1645091636.6047661,22.42,20.04,20.47,20.88,20.68,18.95,19.44,20.00,
1645091636.7147388,22.42,20.00,20.45,20.93,20.64,18.87,19.44,19.98,
1645091636.8246303,22.33,19.94,20.60,20.95,20.72,18.75,19.42,20.02,
1645091636.9247465,22.29,20.06,20.51,20.95,20.74,18.87,19.44,20.04,
1645091637.0346277,22.35,20.04,20.49,20.88,20.72,18.81,19.28,20.06,
1645091637.1347568,22.42,20.00,20.60,20.88,20.81,18.81,19.30,20.10,
1645091637.2446268,22.37,20.11,20.54,20.99,20.72,18.81,19.48,20.06,
1645091637.3447437,22.42,20.07,20.51,21.09,20.74,18.81,19.52,20.04,
1645091637.454632,22.40,20.09,20.53,21.03,20.68,18.75,19.48,20.17,
1645091637.5547497,22.33,20.02,20.53,21.01,20.64,18.81,19.42,19.86,
1645091637.6547544,22.38,19.94,20.56,20.95,20.58,18.87,19.48,20.04,
1645091637.764754,22.29,20.07,20.43,20.93,20.78,18.87,19.44,20.27,
1645091637.8647542,22.29,20.06,20.41,20.88,20.72,18.95,19.38,19.96,
1645091637.9747455,22.35,19.98,20.51,20.82,20.62,18.87,19.40,19.92,
1645091638.0846288,22.40,19.98,20.49,20.93,20.74,18.87,19.58,20.04,
1645091638.1946301,22.35,20.09,20.58,20.95,20.74,18.81,19.25,20.04,
1645091638.3046308,22.46,20.06,20.51,20.88,20.54,18.75,19.28,20.02,
1645091638.4047372,22.42,19.98,20.41,20.95,20.68,18.87,19.38,19.94,
1645091638.514691,22.48,20.08,20.54,20.95,20.72,18.75,19.40,20.10,
1645091638.614748,22.23,19.94,20.49,20.88,20.78,18.95,19.27,20.08,
1645091638.7247593,22.37,20.00,20.54,20.88,20.64,18.87,19.34,19.98,
1645091638.834753,22.38,19.96,20.49,20.95,20.68,18.87,19.32,20.04,
1645091638.9447474,22.44,20.00,20.41,20.95,20.54,18.87,19.38,20.10,
1645091639.0547388,22.37,20.08,20.51,20.88,20.58,18.87,19.42,20.08,
1645091639.1547441,22.38,20.06,20.47,20.93,20.62,18.87,19.52,19.96,
1645091639.2647312,22.35,19.83,20.43,20.95,20.68,18.87,19.44,20.08,
1645091639.3647342,22.37,20.04,20.56,20.88,20.54,18.87,19.54,20.00,
1645091639.4746716,22.40,20.06,20.56,21.01,20.64,18.81,19.42,20.17,
1645091639.5747437,22.33,19.91,20.51,20.93,20.62,18.81,19.50,20.00,
1645091639.6747491,22.35,19.91,20.53,21.05,20.68,18.95,19.42,20.04,
1645091639.7847383,22.37,19.96,20.49,21.01,20.54,18.81,19.46,20.04,
1645091639.8947387,22.29,20.04,20.43,21.01,20.68,18.95,19.30,20.06,
1645091639.9947445,22.38,19.96,20.43,20.88,20.74,18.87,19.32,20.00,
1645091640.104737,22.25,20.02,20.56,20.95,20.72,18.95,19.23,20.08,
1645091640.2047384,22.42,20.04,20.51,21.01,20.54,18.81,19.44,20.02,
1645091640.3047428,22.44,20.02,20.41,20.88,20.74,18.81,19.44,20.02,
1645091640.4147387,22.42,20.02,20.47,20.99,20.74,18.81,19.38,20.10,
1645091640.5147388,22.31,20.00,20.41,20.99,20.58,18.87,19.34,20.16,
1645091640.6247447,22.27,19.96,20.41,20.95,20.62,18.75,19.26,20.12,
1645091640.7346272,22.37,20.09,20.45,21.01,20.78,18.95,19.42,20.02,
1645091640.8446627,22.31,19.90,20.54,21.01,20.68,18.81,19.54,20.02,
1645091640.954628,22.35,20.13,20.54,21.07,20.58,18.95,19.50,20.06,
1645091641.0547404,22.27,19.92,20.41,20.99,20.58,18.81,19.23,20.10,
1645091641.164622,22.50,19.96,20.51,21.01,20.72,18.87,19.36,20.08,
1645091641.264733,22.35,20.06,20.53,20.93,20.74,18.87,19.28,20.04,
1645091641.3747325,22.42,19.94,20.56,20.90,20.78,18.81,19.58,20.12,
1645091641.4747458,22.29,20.04,20.43,20.95,20.74,18.87,19.34,19.86,
1645091641.5847397,22.42,19.87,20.47,20.95,20.64,18.81,19.54,20.17,
1645091641.6946726,22.35,19.96,20.51,20.88,20.68,18.87,19.54,20.04,
1645091641.8047462,22.37,20.00,20.43,20.93,20.64,18.87,19.38,20.00,
1645091641.914734,22.38,19.90,20.41,20.90,20.68,18.87,19.38,19.90,
1645091642.014738,22.52,19.94,20.51,20.76,20.74,18.81,19.58,20.16,
1645091642.1147487,22.25,19.94,20.60,21.01,20.68,18.87,19.19,19.98,
1645091642.2246277,22.36,20.09,20.54,21.01,20.68,18.87,19.48,20.14,
1645091642.3347397,22.40,19.92,20.49,21.07,20.72,18.87,19.36,19.90,
1645091642.434741,22.42,19.94,20.49,20.95,20.72,18.95,19.48,20.17,
1645091642.5447311,22.40,20.00,20.37,20.88,20.64,18.87,19.40,20.00,
1645091642.644739,22.27,20.04,20.49,20.84,20.62,18.87,19.58,20.23,
1645091642.7547264,22.21,19.96,20.47,21.07,20.64,18.87,19.28,20.06,
1645091642.8547359,22.38,19.96,20.51,21.07,20.78,18.81,19.44,20.04,
1645091642.9646244,22.42,19.90,20.47,20.95,20.74,18.87,19.44,20.08,
1645091643.0747385,22.23,19.96,20.54,21.07,20.62,18.87,19.36,19.86,
1645091643.184624,22.44,20.02,20.45,20.93,20.68,18.87,19.52,20.00,
1645091643.2847304,22.36,20.04,20.53,21.01,20.58,18.95,19.38,19.96,
1645091643.3946195,22.23,20.00,20.47,20.99,20.74,18.87,19.56,20.15,
1645091643.4947379,22.36,19.96,20.54,20.95,20.74,18.81,19.34,20.15,
1645091643.604727,22.44,20.09,20.51,21.07,20.64,18.95,19.34,19.94,
1645091643.7047327,22.36,20.07,20.51,20.93,20.78,18.87,19.26,20.06,
1645091643.8147426,22.42,19.94,20.51,20.93,20.72,18.87,19.44,19.92,
1645091643.9247303,22.36,20.04,20.51,20.95,20.62,18.87,19.44,20.04,
1645091644.0247304,22.44,20.06,20.47,20.95,20.64,18.81,19.38,20.10,
1645091644.134735,22.42,19.98,20.45,20.95,20.68,18.95,19.38,19.92,
1645091644.2446222,22.27,19.96,20.60,21.01,20.62,18.87,19.38,20.08,
1645091644.3447275,22.44,20.23,20.60,20.90,20.72,18.81,19.44,20.04,
1645091644.4547305,22.38,20.00,20.51,20.95,20.72,18.87,19.54,20.04,
1645091644.5647278,22.38,19.90,20.37,20.95,20.74,18.81,19.38,20.19,
1645091644.674731,22.42,20.07,20.49,20.95,20.72,18.95,19.52,20.15,
1645091644.7747328,22.36,20.06,20.47,20.99,20.78,18.95,19.42,20.08,
1645091644.8847442,22.35,20.09,20.39,21.07,20.58,18.95,19.54,19.92,
1645091644.994728,22.38,20.00,20.43,20.95,20.74,18.81,19.34,20.15,
1645091645.1053288,22.40,19.92,20.49,20.82,20.68,18.87,19.32,20.02,
1645091645.2152467,22.33,19.94,20.37,20.88,20.83,18.87,19.36,19.96,
1645091645.3153331,22.35,20.06,20.68,20.90,20.52,18.87,19.48,20.12,
1645091645.4252706,22.36,19.96,20.58,20.93,20.74,18.87,19.42,20.12,
1645091645.5253289,22.38,19.92,20.49,21.07,20.87,18.87,19.36,19.98,
1645091645.6353354,22.50,19.90,20.56,20.95,20.72,18.81,19.36,20.08,
1645091645.73534,22.44,20.00,20.47,20.95,20.54,18.81,19.38,19.92,
1645091645.8453333,22.36,20.11,20.47,20.95,20.78,18.81,19.48,20.23,
1645091645.945334,22.31,19.96,20.43,20.82,20.72,18.87,19.32,20.02,
1645091646.055344,22.31,20.15,20.60,20.95,20.68,18.81,19.23,20.08,
1645091646.1653433,22.27,20.00,20.41,21.01,20.72,18.87,19.42,20.15,
1645091646.2753334,22.33,20.00,20.43,21.05,20.58,18.81,19.38,20.19,
1645091646.3852224,22.38,20.02,20.51,20.93,20.72,18.81,19.48,20.12,
1645091646.4853435,22.40,20.00,20.51,20.95,20.58,18.81,19.44,19.98,
1645091646.5952253,22.38,20.00,20.47,20.95,20.64,18.81,19.42,19.94,
1645091646.6953359,22.38,20.00,20.51,21.01,20.81,18.87,19.46,20.08,
1645091646.8053043,22.31,19.94,20.45,21.01,20.74,18.87,19.36,20.08,
1645091646.9053335,22.40,20.06,20.54,20.93,20.62,18.95,19.38,20.06,
1645091647.0152202,22.36,20.00,20.49,21.11,20.72,18.75,19.44,20.02,
1645091647.1153367,22.33,20.00,20.37,21.07,20.81,18.81,19.26,19.98,
1645091647.22533,22.33,20.00,20.51,20.90,20.58,18.87,19.32,20.02,
1645091647.335325,22.40,20.09,20.43,20.90,20.58,18.87,19.44,19.92,
1645091647.4453351,22.27,20.04,20.51,20.88,20.64,18.87,19.62,20.02,
1645091647.5553253,22.38,20.02,20.49,20.88,20.62,18.87,19.32,20.04,
1645091647.655328,22.40,20.04,20.45,20.93,20.72,18.95,19.44,19.90,
1645091647.7553408,22.44,20.04,20.41,20.88,20.68,18.95,19.44,20.00,
1645091647.865331,22.48,19.87,20.56,20.95,20.64,18.87,19.28,20.12,
1645091647.9653351,22.35,20.06,20.41,21.01,20.78,18.87,19.42,20.02,
1645091648.0753398,22.36,19.96,20.45,21.07,20.78,18.87,19.34,20.12,
1645091648.1853392,22.33,20.04,20.60,21.01,20.68,18.87,19.50,19.90,
1645091648.295338,22.16,19.87,20.49,20.95,20.72,18.95,19.44,20.10,
1645091648.3953414,22.27,19.98,20.53,20.88,20.78,18.87,19.38,20.10,
1645091648.4953425,22.42,20.11,20.47,21.01,20.64,18.87,19.48,20.25,
1645091648.605325,22.27,20.13,20.49,20.95,20.68,18.95,19.48,20.10,
1645091648.7153358,22.33,19.94,20.53,21.07,20.64,18.75,19.46,19.86,
1645091648.8252156,22.42,20.00,20.53,20.88,20.54,18.87,19.34,20.04,
1645091648.9253335,22.35,20.09,20.51,20.95,20.81,18.87,19.42,20.17,
1645091649.0353281,22.33,20.09,20.58,21.07,20.64,18.81,19.38,20.08,
1645091649.1453364,22.36,19.96,20.41,20.95,20.74,18.81,19.38,20.10,
1645091649.2553353,22.23,19.96,20.47,20.90,20.62,18.87,19.44,20.00,
1645091649.3553362,22.44,19.90,20.37,21.05,20.68,18.95,19.52,20.10,
1645091649.4653292,22.36,20.04,20.56,20.90,20.68,18.81,19.44,19.98,
1645091649.5653548,22.29,20.04,20.54,20.93,20.74,18.87,19.48,20.12,
1645091649.6753387,22.36,19.96,20.58,20.95,20.62,18.81,19.13,20.00,
1645091649.7753408,22.33,20.07,20.47,20.88,20.72,18.95,19.40,20.04,
1645091649.8853416,22.38,20.06,20.49,20.99,20.64,18.95,19.36,20.21,
1645091649.9953413,22.31,19.96,20.47,20.88,20.68,18.81,19.54,20.17,
1645091650.106908,22.25,19.96,20.60,21.07,20.78,18.95,19.42,19.92,
1645091650.2069097,22.46,19.89,20.37,21.07,20.74,18.87,19.34,20.10,
1645091650.3069136,22.36,19.98,20.56,20.95,20.68,18.87,19.44,20.06,
1645091650.4169137,22.38,19.90,20.60,20.88,20.54,18.81,19.42,19.98,
1645091650.526912,22.33,19.96,20.60,20.95,20.62,18.95,19.38,20.04,
1645091650.6369133,22.36,20.00,20.60,21.01,20.72,18.81,19.42,20.02,
1645091650.7469125,22.42,20.00,20.51,20.88,20.74,18.87,19.48,20.08,
1645091650.8469203,22.31,20.06,20.41,20.88,20.72,18.75,19.50,19.98,
1645091650.9568944,22.29,19.92,20.56,20.93,20.78,18.95,19.44,20.00,
1645091651.0569108,22.50,20.06,20.51,20.88,20.72,18.95,19.32,19.90,
1645091651.1669095,22.19,19.85,20.53,20.88,20.74,18.81,19.42,19.86,
1645091651.2768705,22.42,19.94,20.51,20.95,20.78,18.87,19.44,20.04,
1645091651.376905,22.31,20.07,20.51,20.97,20.68,18.87,19.28,19.98,
1645091651.4869084,22.36,20.00,20.56,21.01,20.77,18.87,19.36,20.17,
1645091651.5869112,22.35,20.09,20.51,21.01,20.52,18.87,19.30,20.08,
1645091651.6969118,22.21,20.09,20.49,21.07,20.72,18.81,19.42,20.12,
1645091651.8069148,22.36,20.04,20.60,20.97,20.54,18.87,19.28,20.10,
1645091651.916902,22.36,20.06,20.51,20.93,20.64,18.87,19.44,20.04,
1645091652.0169082,22.44,20.00,20.54,20.82,20.68,18.81,19.30,20.10,
1645091652.1269076,22.46,20.00,20.51,20.88,20.72,18.87,19.34,20.00,
1645091652.2369058,22.21,20.00,20.54,20.90,20.68,18.95,19.44,20.12,
1645091652.3469064,22.46,20.04,20.56,20.90,20.64,18.75,19.48,19.94,
1645091652.4569082,22.29,20.13,20.54,21.13,20.68,18.87,19.52,19.92,
1645091652.5569105,22.33,19.89,20.49,21.07,20.72,18.87,19.38,20.00,
1645091652.6669087,22.33,20.00,20.37,20.82,20.68,18.95,19.44,19.92,
1645091652.7769108,22.31,20.04,20.45,21.07,20.81,18.95,19.32,20.06,
1645091652.8869064,22.33,19.85,20.41,21.07,20.81,18.81,19.42,20.15,
1645091652.9969072,22.31,20.11,20.51,20.90,20.58,18.95,19.34,19.98,
1645091653.1068993,22.42,19.94,20.60,20.88,20.64,18.81,19.44,19.90,
1645091653.2069058,22.42,20.00,20.47,20.95,20.68,18.95,19.32,20.15,
1645091653.3169096,22.33,19.90,20.43,20.95,20.58,18.87,19.52,20.17,
1645091653.4269116,22.25,19.94,20.49,20.95,20.72,18.95,19.38,20.13,
1645091653.5369089,22.35,20.13,20.56,20.93,20.74,18.95,19.48,20.12,
1645091653.6469088,22.35,19.94,20.58,20.95,20.64,18.87,19.30,20.10,
1645091653.7569075,22.36,20.00,20.49,20.99,20.62,18.87,19.36,20.04,
1645091653.856917,22.35,19.92,20.49,20.88,20.64,18.87,19.32,19.98,
1645091653.9669044,22.42,19.94,20.52,21.07,20.64,18.95,19.48,19.98,
1645091654.0769033,22.44,20.06,20.60,20.95,20.54,18.81,19.42,20.06,
1645091654.176905,22.42,19.94,20.41,20.93,20.64,18.81,19.32,20.02,
1645091654.2769175,22.29,20.00,20.45,21.01,20.64,18.87,19.52,19.92,
1645091654.386904,22.42,20.00,20.51,21.11,20.72,18.75,19.28,19.98,
1645091654.4969134,22.42,19.98,20.64,21.01,20.64,18.75,19.44,19.94,
1645091654.6069016,22.31,19.94,20.49,21.01,20.58,18.81,19.38,20.00,
1645091654.7069058,22.52,19.96,20.51,21.09,20.54,18.87,19.44,20.02,
1645091654.8167813,22.23,19.96,20.51,21.01,20.68,18.87,19.44,20.02,
1645091654.9169047,22.40,20.00,20.51,21.01,20.64,18.75,19.34,20.04,
1645091655.0169075,22.33,20.06,20.35,21.07,20.64,18.81,19.44,20.12,
1645091655.126903,22.46,19.94,20.51,20.93,20.77,18.87,19.34,20.13,
1645091655.2368932,22.38,20.00,20.56,20.95,20.68,18.87,19.28,20.04,
1645091655.346897,22.50,20.00,20.51,20.99,20.68,18.87,19.44,19.94,
1645091655.4468987,22.29,19.96,20.60,20.95,20.64,18.87,19.38,19.96,
1645091655.5469103,22.35,19.96,20.51,20.93,20.81,18.95,19.28,20.04,
1645091655.6569083,22.40,19.96,20.37,21.01,20.74,18.81,19.63,20.17,
1645091655.7668986,22.36,20.04,20.54,20.95,20.74,18.87,19.52,20.04,
1645091655.876906,22.35,20.02,20.53,20.88,20.72,18.87,19.48,19.82,
1645091655.9868987,22.33,20.00,20.49,21.01,20.62,18.87,19.42,19.90,
1645091656.0969024,22.36,20.02,20.58,20.95,20.78,18.75,19.28,20.06,
1645091656.1969025,22.44,19.92,20.53,20.88,20.78,18.87,19.36,19.90,
1645091656.2969065,22.29,20.02,20.49,20.91,20.74,18.87,19.34,20.04,
1645091656.4069016,22.48,19.94,20.47,20.95,20.62,18.95,19.42,20.17,
1645091656.5069132,22.33,20.13,20.47,20.95,20.68,18.87,19.34,20.10,
1645091656.6169052,22.40,20.02,20.41,21.01,20.74,18.81,19.38,20.17,
1645091656.7268999,22.40,20.00,20.49,20.95,20.72,18.81,19.34,19.96,
1645091656.8269033,22.44,20.06,20.51,21.01,20.78,18.95,19.54,20.00,
1645091656.9369023,22.35,20.02,20.58,21.15,20.68,18.87,19.40,19.94,
1645091657.0369165,22.33,20.06,20.49,20.99,20.58,18.95,19.58,20.08,
1645091657.1468985,22.46,19.94,20.54,21.01,20.68,18.87,19.38,19.92,
1645091657.2469,22.29,20.04,20.51,21.07,20.72,18.95,19.38,20.19,
1645091657.3469086,22.27,19.96,20.45,21.01,20.74,18.81,19.26,20.12,
1645091657.4569018,22.29,19.94,20.45,20.82,20.72,18.81,19.60,19.92,
1645091657.5669165,22.31,20.00,20.45,20.99,20.62,18.87,19.52,20.06,
1645091657.6769106,22.42,20.07,20.54,21.01,20.64,18.81,19.44,20.00,
1645091657.7868865,22.38,19.96,20.49,21.01,20.74,18.95,19.34,20.04,
1645091657.8868988,22.46,20.02,20.45,20.95,20.64,18.87,19.38,20.04,
1645091657.9967744,22.27,20.00,20.49,20.95,20.64,18.87,19.44,20.04,
1645091658.0969,22.36,20.04,20.37,20.99,20.72,18.87,19.36,20.08,
1645091658.2068982,22.35,20.02,20.37,21.01,20.81,18.87,19.38,19.98,
1645091658.3068998,22.33,19.89,20.52,20.82,20.77,18.81,19.32,20.19,
1645091658.4069035,22.44,19.96,20.60,20.90,20.64,18.87,19.32,20.12,
1645091658.5169015,22.42,20.09,20.51,20.95,20.68,18.81,19.44,20.23,
1645091658.6269093,22.44,20.02,20.35,21.01,20.52,18.87,19.42,20.15,
1645091658.7368917,22.38,20.02,20.60,20.95,20.72,18.75,19.32,20.10,
1645091658.836899,22.29,20.04,20.56,20.95,20.72,18.95,19.44,20.04,
1645091658.9468956,22.29,19.92,20.52,20.93,20.72,18.81,19.44,20.00,
1645091659.0568953,22.42,20.09,20.66,20.95,20.74,18.87,19.28,19.98,
1645091659.1568978,22.36,20.04,20.43,21.01,20.72,18.81,19.36,20.04,
1645091659.266893,22.38,20.06,20.47,20.95,20.64,18.81,19.48,20.04,
1645091659.3768969,22.44,19.96,20.52,21.07,20.62,18.81,19.52,19.96,
1645091659.4868906,22.35,20.04,20.39,20.93,20.72,18.87,19.42,19.98,
1645091659.5869093,22.36,19.96,20.54,20.91,20.54,18.87,19.38,19.94,
1645091659.6969032,22.36,20.06,20.51,20.95,20.64,18.87,19.52,20.12,
1645091659.806897,22.48,19.94,20.51,20.88,20.62,18.87,19.38,20.00,
1645091659.9168942,22.36,20.06,20.45,20.88,20.68,18.95,19.38,20.02,
1645091660.0268943,22.27,19.92,20.45,20.88,20.58,18.81,19.60,19.94,
1645091660.1368964,22.36,20.00,20.47,20.95,20.77,18.87,19.36,20.10,
1645091660.2468915,22.40,20.13,20.60,21.07,20.68,18.81,19.38,20.00,
1645091660.3468974,22.44,20.02,20.56,21.05,20.77,18.81,19.32,19.88,
1645091660.4568963,22.46,20.09,20.41,21.01,20.72,18.87,19.48,19.96,
1645091660.5568995,22.44,20.09,20.51,20.93,20.74,18.81,19.40,20.23,
1645091660.666896,22.29,20.02,20.58,21.01,20.81,18.95,19.52,19.92,
1645091660.776895,22.35,20.09,20.47,20.93,20.74,18.81,19.60,19.98,
1645091660.8868515,22.33,20.00,20.51,20.97,20.68,18.87,19.28,20.17,
1645091660.986893,22.42,20.04,20.51,20.95,20.68,18.81,19.44,20.08,
1645091661.0868933,22.36,20.00,20.49,20.88,20.64,18.75,19.44,20.02,
1645091661.1868935,22.33,20.04,20.60,20.91,20.58,18.87,19.48,20.19,
1645091661.2968936,22.33,20.06,20.51,20.93,20.74,18.75,19.38,20.04,
1645091661.4068933,22.44,19.96,20.60,21.01,20.54,18.95,19.42,20.02,
1645091661.5069065,22.44,20.00,20.51,20.88,20.64,18.87,19.28,20.00,
1645091661.616887,22.42,20.00,20.45,21.01,20.62,18.81,19.52,20.04,
1645091661.726901,22.29,19.92,20.49,20.90,20.64,18.81,19.48,20.10,
1645091661.8368914,22.42,20.00,20.51,20.90,20.62,18.81,19.58,19.98,
1645091661.9468935,22.36,20.04,20.51,20.95,20.58,18.75,19.50,20.19,
1645091662.0468993,22.35,19.98,20.52,21.05,20.83,18.69,19.60,19.96,
1645091662.1568906,22.42,19.90,20.45,20.90,20.64,18.75,19.36,20.08,
1645091662.256896,22.33,20.02,20.52,20.90,20.62,18.87,19.38,20.08,
1645091662.3669035,22.31,20.00,20.47,20.76,20.64,18.87,19.28,20.08,
1645091662.4768906,22.29,19.89,20.56,21.05,20.68,18.81,19.32,20.19,
1645091662.5869057,22.36,20.02,20.60,20.88,20.62,18.87,19.50,19.90,
1645091662.6968925,22.35,19.89,20.51,20.93,20.72,18.94,19.42,20.06,
1645091662.8068867,22.31,20.04,20.43,20.88,20.58,19.00,19.44,20.17,
1645091662.916893,22.36,19.90,20.43,20.93,20.72,18.81,19.38,19.90,
1645091663.0268888,22.31,20.04,20.41,21.01,20.58,18.94,19.40,20.06,
1645091663.1368856,22.25,20.06,20.52,21.01,20.68,18.94,19.42,20.10,
1645091663.2368946,22.36,20.04,20.51,21.01,20.74,18.81,19.28,20.06,
1645091663.3368955,22.27,19.90,20.32,20.93,20.62,18.87,19.54,20.08,
1645091663.4468884,22.31,19.90,20.52,20.88,20.62,18.81,19.42,20.15,
1645091663.5468924,22.44,20.04,20.51,20.95,20.62,18.87,19.48,20.00,
1645091663.6469016,22.31,19.94,20.45,20.95,20.68,18.87,19.38,20.12,
1645091663.7568889,22.29,20.11,20.37,20.95,20.68,18.81,19.34,20.12,
1645091663.8669026,22.36,19.89,20.52,20.97,20.62,18.87,19.42,20.10,
1645091663.976891,22.35,20.00,20.49,20.95,20.58,18.95,19.42,19.96,
1645091664.086847,22.44,20.00,20.56,21.13,20.64,18.75,19.54,20.00,
1645091664.186887,22.44,19.96,20.51,20.90,20.62,18.81,19.42,20.04,
1645091664.2868893,22.48,19.90,20.51,21.01,20.74,18.87,19.32,20.00,
1645091664.3868914,22.29,20.04,20.52,20.93,20.62,18.81,19.44,19.96,
1645091664.4968865,22.35,19.92,20.60,20.95,20.64,18.87,19.48,19.98,
1645091664.606905,22.46,20.02,20.49,20.88,20.74,18.81,19.52,20.04,
1645091664.716886,22.46,20.04,20.49,21.01,20.64,18.87,19.38,20.10,
1645091664.8268862,22.38,20.00,20.43,20.82,20.72,18.87,19.42,19.94,
1645091664.9268878,22.36,20.00,20.49,20.88,20.62,18.87,19.58,20.06,
1645091665.0268896,22.35,20.07,20.49,20.95,20.64,18.75,19.36,20.00,
1645091665.136888,22.31,20.04,20.51,21.01,20.64,18.87,19.34,20.00,
1645091665.2368908,22.36,20.00,20.49,20.95,20.68,18.87,19.58,20.02,
1645091665.3468888,22.35,20.04,20.52,20.95,20.68,18.81,19.63,19.98,
1645091665.4568908,22.40,20.13,20.52,20.88,20.54,18.95,19.38,20.00,
1645091665.5668921,22.36,19.94,20.51,20.95,20.62,18.81,19.21,20.00,
1645091665.676886,22.29,20.00,20.51,20.88,20.74,18.87,19.40,19.92,
1645091665.7868838,22.31,19.96,20.54,20.93,20.72,18.81,19.52,20.12,
1645091665.8868935,22.42,19.87,20.52,20.95,20.64,18.87,19.32,19.96,
1645091665.9968874,22.31,20.02,20.45,21.01,20.74,18.94,19.34,20.02,
1645091666.096889,22.29,20.04,20.49,21.07,20.72,18.87,19.54,20.02,
1645091666.2068858,22.35,20.07,20.47,20.82,20.62,18.87,19.58,20.15,
1645091666.3068898,22.50,19.96,20.52,21.05,20.74,18.81,19.42,20.06,
1645091666.4168885,22.48,19.89,20.47,20.95,20.62,18.94,19.58,20.17,
1645091666.516903,22.36,20.00,20.51,20.95,20.58,18.81,19.40,20.10,
1645091666.6268835,22.36,20.09,20.43,20.95,20.64,18.87,19.54,20.12,
1645091666.7368853,22.29,19.96,20.41,20.76,20.68,18.87,19.38,19.92,
1645091666.836887,22.35,19.92,20.58,20.95,20.62,18.81,19.44,20.10,
1645091666.9368877,22.35,20.02,20.60,20.93,20.68,18.81,19.52,20.10,
1645091667.0468836,22.33,19.96,20.60,20.88,20.62,19.00,19.42,19.88,
1645091667.156886,22.29,20.04,20.60,21.01,20.68,19.00,19.54,20.12,
1645091667.2668414,22.31,20.00,20.41,20.91,20.74,18.81,19.34,20.04,
1645091667.366882,22.33,20.11,20.54,20.88,20.62,18.87,19.38,20.17,
1645091667.4768863,22.44,20.02,20.52,20.93,20.64,18.81,19.42,19.98,
1645091667.5768893,22.40,19.98,20.51,21.05,20.81,18.75,19.36,20.04,
1645091667.6868777,22.35,20.07,20.51,20.93,20.64,18.95,19.58,19.90,
1645091667.7968838,22.42,19.98,20.68,20.95,20.74,18.81,19.52,19.98,
1645091667.906889,22.42,20.06,20.54,20.93,20.54,18.81,19.34,20.10,
1645091668.0168846,22.33,19.77,20.45,20.95,20.64,18.81,19.28,19.84,
1645091668.1168854,22.48,20.00,20.47,20.99,20.54,18.95,19.38,20.02,
1645091668.216888,22.36,20.04,20.56,20.95,20.72,18.95,19.48,19.94,
1645091668.326884,22.31,19.96,20.54,20.95,20.72,18.81,19.48,20.04,
1645091668.4368827,22.44,20.00,20.45,20.93,20.72,18.87,19.38,19.98,
1645091668.5368874,22.48,20.00,20.43,20.95,20.64,18.95,19.58,20.04,
1645091668.6468816,22.54,20.00,20.51,20.90,20.74,18.87,19.32,20.10,
1645091668.7468932,23.31,19.94,20.51,20.95,20.54,18.81,19.44,20.04,
1645091668.8568869,25.39,20.09,20.43,20.82,20.58,18.81,19.38,20.12,
1645091668.9668796,27.47,20.13,20.47,20.90,20.62,18.87,19.34,20.04,
1645091669.0668802,28.89,20.02,20.43,20.95,20.64,18.81,19.34,20.04,
1645091669.1668823,29.81,20.15,20.52,20.88,20.62,18.87,19.48,20.08,
1645091669.27688,30.47,20.19,20.52,20.99,20.72,18.81,19.58,19.90,
1645091669.386882,30.74,20.07,20.45,20.82,20.62,18.75,19.52,19.88,
1645091669.4968762,31.20,20.26,20.58,21.01,20.68,18.87,19.60,20.12,
1645091669.596879,31.45,20.24,20.43,21.01,20.68,18.81,19.38,20.04,
1645091669.6968853,31.51,20.34,20.58,20.99,20.64,18.87,19.34,20.04,
1645091669.80688,31.69,20.32,20.58,20.95,20.54,18.75,19.42,20.08,
1645091669.9168797,31.76,20.30,20.60,20.88,20.72,18.81,19.32,19.90,
1645091670.02676,31.76,20.32,20.58,21.01,20.62,18.81,19.38,19.98,
1645091670.1268811,31.90,20.24,20.51,20.93,20.64,18.75,19.28,20.02,
1645091670.2368796,31.96,20.21,20.52,21.11,20.58,18.81,19.40,20.06,
1645091670.3368833,32.03,20.28,20.35,21.05,20.77,18.81,19.48,19.90,
1645091670.4467533,31.32,22.82,20.60,21.07,20.62,18.81,19.34,19.90,
1645091671.4568794,31.38,22.84,20.71,20.88,20.45,18.87,19.52,20.15,
1645091671.5668797,30.87,22.82,20.68,21.01,20.72,18.81,19.48,20.04,
1645091671.6768622,30.68,22.80,20.73,21.01,20.74,18.87,19.58,20.04,
1645091671.7768786,30.28,22.61,20.70,21.01,20.68,18.87,19.50,20.02,
1645091671.8868778,30.03,23.07,20.71,21.07,20.68,18.87,19.28,20.21,
1645091671.9868777,30.05,23.68,20.70,21.13,20.72,18.81,19.40,20.10,
1645091672.096877,30.16,23.58,20.73,21.01,20.68,18.87,19.61,20.06,
1645091672.2068763,30.08,23.30,20.77,20.95,20.68,18.94,19.23,20.04,
1645091672.3068762,30.55,23.60,20.83,20.95,20.58,18.81,19.40,20.04,
1645091672.4168768,30.47,23.98,20.89,21.07,20.64,18.81,19.40,20.00,
1645091672.5268788,30.03,24.08,20.92,21.07,20.72,18.81,19.38,19.90,
1645091672.636872,29.95,23.75,20.85,20.99,20.62,18.81,19.28,20.15,
1645091672.736879,29.64,23.60,21.02,20.99,20.68,18.87,19.42,20.08,
1645091672.8468754,29.45,23.62,20.92,21.07,20.68,18.81,19.52,20.21,
1645091672.9468784,30.16,23.83,20.90,21.01,20.68,18.81,19.42,19.92,
1645091673.0568786,30.28,23.64,20.98,21.20,20.72,18.81,19.42,19.96,
1645091673.1568792,30.33,23.64,20.92,21.07,20.68,18.75,19.52,20.15,
1645091673.266874,30.62,23.60,20.89,20.95,20.52,18.87,19.28,20.10,
1645091673.3668752,30.58,24.25,21.00,21.09,20.58,18.75,19.32,19.98,
1645091673.4668756,30.33,24.32,21.06,21.05,20.64,18.75,19.34,19.76,
1645091673.5768754,30.03,24.17,21.04,20.93,20.72,18.69,19.30,20.12,
1645091673.6868746,29.78,23.94,21.02,21.01,20.72,18.81,19.34,20.08,
1645091673.7968733,29.51,23.73,21.11,21.07,20.54,18.87,19.44,20.25,
1645091673.896876,29.39,24.44,21.15,21.01,20.81,18.94,19.40,20.10,
1645091674.00687,29.87,24.32,21.11,21.13,20.62,18.81,19.50,20.23,
1645091674.1168742,29.97,24.25,21.06,21.01,20.64,18.81,19.28,19.86,
1645091674.2168756,30.41,24.23,21.15,21.01,20.45,18.81,19.28,20.02,
1645091674.3268638,30.35,24.55,21.25,21.05,20.72,18.87,19.32,20.00,
1645091674.4368737,30.16,24.53,21.21,21.05,20.74,18.87,19.32,20.00,
1645091674.54683,29.91,24.30,21.19,21.01,20.64,18.87,19.34,19.90,
1645091674.6468723,30.22,24.48,21.21,21.01,20.62,18.87,19.58,19.92,
1645091674.7468748,30.85,24.40,21.17,21.13,20.62,18.75,19.32,19.92,
1645091674.846876,31.07,24.53,21.11,21.05,20.62,18.75,19.36,20.00,
1645091674.956874,31.13,24.57,21.08,21.07,20.72,18.81,19.36,19.90,
1645091675.0568757,30.80,24.48,21.15,21.01,20.74,18.75,19.32,19.88,
1645091675.1668668,30.47,24.30,21.21,20.95,20.54,18.94,19.48,20.00,
1645091675.266868,30.30,24.11,21.17,21.07,20.64,18.87,19.32,19.96,
1645091675.366878,29.97,23.98,21.17,20.95,20.48,18.81,19.38,19.98,
1645091675.476774,29.85,23.71,21.00,20.93,20.58,18.75,19.32,19.96,
1645091675.576863,29.87,23.71,21.09,20.95,20.72,18.81,19.44,19.98,
1645091675.6768699,29.51,23.52,21.08,20.95,20.62,18.69,19.42,19.98,
1645091675.7768714,29.43,23.47,21.11,21.13,20.62,18.81,19.40,20.25,
1645091675.8868792,29.31,23.31,21.17,21.09,20.58,18.81,19.32,20.12,
1645091675.9968727,29.18,23.14,21.04,20.95,20.54,18.81,19.28,20.12,
1645091676.0968738,28.95,23.14,21.13,21.01,20.64,18.75,19.34,20.10,
1645091676.20687,28.76,23.14,21.23,21.07,20.48,18.81,19.42,20.12,
1645091676.3168821,28.76,22.86,21.09,20.95,20.43,18.75,19.32,19.92,
1645091676.4268649,28.62,22.86,21.17,21.01,20.64,18.87,19.26,20.12,
1645091676.5368714,28.55,22.97,21.04,20.88,20.64,18.87,19.42,20.04,
1645091676.6468644,28.56,22.82,21.08,20.93,20.77,18.69,19.42,19.94,
1645091676.7468684,28.35,22.84,21.09,20.93,20.54,18.87,19.48,19.92,
1645091676.8568757,28.22,22.74,21.17,20.95,20.81,18.81,19.34,20.06,
1645091676.9668694,28.20,22.44,21.02,20.91,20.58,18.81,19.26,19.96,
1645091677.0768733,28.10,22.71,21.11,20.95,20.64,18.87,19.19,19.98,
1645091677.186868,28.10,22.61,21.21,20.84,20.58,18.87,19.44,20.12,
1645091677.296864,27.89,22.48,21.08,20.93,20.62,18.87,19.28,20.13,
1645091677.3968818,27.84,22.55,21.17,21.01,20.45,18.87,19.44,20.12,
1645091677.496884,27.80,22.57,21.06,20.91,20.64,18.75,19.19,19.92,
1645091677.606868,27.74,22.40,21.19,21.01,20.68,18.81,19.38,20.00,
1645091677.716824,27.13,22.21,21.08,20.93,20.68,18.81,19.42,20.00,
1645091678.7268646,27.20,22.12,21.19,20.95,20.54,18.75,19.34,20.00,
1645091678.8368652,27.07,22.10,21.06,21.01,20.48,18.81,19.34,20.10,
1645091678.9368658,27.01,22.16,21.13,21.01,20.58,18.75,19.42,20.14,
1645091679.0468647,26.92,22.14,21.13,20.93,20.54,18.81,19.26,20.02,
1645091679.1468658,26.99,21.99,21.04,20.95,20.52,18.87,19.42,19.90,
1645091679.2468767,27.01,22.14,21.13,20.95,20.58,18.69,19.38,19.96,
1645091679.356865,26.82,21.93,21.17,21.01,20.48,18.81,19.40,20.04,
1645091679.456866,26.78,22.02,21.08,21.01,20.64,18.81,19.32,20.04,
1645091679.5668454,26.86,21.91,21.19,20.97,20.62,18.75,19.38,19.88,
1645091679.6668508,26.76,22.08,21.15,20.90,20.62,18.75,19.42,20.04,
1645091679.7768478,26.63,22.00,21.06,20.99,20.64,18.95,19.48,20.08,
1645091679.876861,26.65,21.83,21.04,20.93,20.64,18.87,19.32,20.12,
1645091679.9867885,26.63,21.99,21.11,21.01,20.62,18.81,19.44,20.17,
1645091680.086849,26.55,22.04,21.10,21.01,20.54,18.87,19.38,19.92,
1645091680.1968596,26.57,22.00,21.11,21.07,20.62,18.87,19.40,20.17,
1645091680.3068562,26.55,21.93,21.13,21.09,20.64,18.81,19.40,20.06,
1645091680.4068577,26.42,22.04,21.15,20.90,20.52,18.75,19.38,20.02,
1645091680.5168638,26.42,21.99,21.06,20.99,20.52,18.81,19.38,20.10,
1645091680.6268544,26.40,21.87,21.06,20.99,20.72,18.75,19.38,20.02,
1645091680.7367399,26.44,21.95,21.10,21.07,20.64,18.81,19.34,20.10,
1645091680.836856,26.25,22.00,21.15,21.07,20.68,18.81,19.38,20.04,
1645091680.9468772,26.30,21.68,21.04,21.05,20.58,18.75,19.42,20.02,
1645091681.0568593,26.19,21.83,21.19,20.95,20.62,18.81,19.38,19.98,
1645091681.1668603,26.17,21.83,21.17,21.13,20.48,18.69,19.30,20.10,
1645091681.2768617,26.19,21.68,21.15,20.99,20.62,18.81,19.44,19.98,
1645091681.3768659,26.17,21.80,21.06,20.95,20.64,18.81,19.26,19.98,
1645091681.4868426,26.07,21.76,21.19,20.95,20.62,18.75,19.32,20.04,
1645091681.58686,26.15,21.85,21.13,20.88,20.68,18.81,19.15,19.98,
1645091681.6968658,26.00,21.78,21.10,20.95,20.48,18.81,19.34,19.98,
1645091681.8068674,26.02,21.85,21.11,20.82,20.64,18.75,19.36,20.00,
1645091681.91686,25.94,21.70,21.11,21.01,20.52,18.81,19.44,20.15,
1645091682.0268638,25.98,21.78,21.13,20.88,20.72,18.81,19.32,20.04,
1645091682.1268673,25.98,21.64,21.25,21.01,20.68,18.87,19.19,19.92,
1645091682.236863,25.86,21.81,21.21,20.93,20.68,18.81,19.32,19.88,
1645091682.3468642,25.94,21.66,21.11,21.01,20.72,18.75,19.28,20.00,
1645091682.4568708,25.94,21.72,21.00,20.95,20.72,18.87,19.36,20.00,
1645091682.5668585,25.83,21.57,21.17,20.95,20.62,18.75,19.34,19.98,
1645091682.6768641,25.79,21.66,21.08,20.84,20.68,18.81,19.32,20.17,
1645091682.786859,25.67,21.64,21.11,20.95,20.58,18.75,19.19,19.96,
1645091682.8868635,25.90,21.66,21.09,20.95,20.58,18.75,19.34,20.15,
1645091682.9968605,25.75,21.63,21.09,20.88,20.62,18.81,19.52,20.13,
1645091683.0968645,25.67,21.66,21.08,20.95,20.58,18.81,19.15,19.86,
1645091683.2068532,25.67,21.64,21.15,21.01,20.72,18.75,19.48,19.90,
1645091683.3068604,25.67,21.59,21.17,20.95,20.58,18.87,19.48,20.02,
1645091683.4168599,25.58,21.59,21.00,20.82,20.62,18.81,19.46,20.04,
1645091683.5268555,25.48,21.63,21.04,20.95,20.72,18.87,19.56,20.02,
1645091683.636857,25.58,21.72,21.08,20.82,20.62,18.81,19.36,19.98,
1645091683.7468607,25.56,21.55,21.13,20.97,20.64,18.81,19.42,19.98,
1645091683.8568566,25.65,21.57,21.09,21.01,20.62,18.87,19.44,20.08,
1645091683.956864,25.50,21.61,21.13,21.01,20.68,18.75,19.38,20.00,
1645091684.066859,25.41,21.49,21.17,20.95,20.64,18.81,19.24,20.17,
1645091684.1768603,25.62,21.55,21.09,20.88,20.58,18.87,19.34,20.04,
1645091684.286858,25.37,21.55,21.11,21.03,20.58,18.81,19.48,19.96,
1645091684.3983433,25.48,21.47,20.94,21.07,20.62,18.87,19.54,19.94,
1645091684.5083396,25.43,21.51,21.02,20.95,20.58,18.81,19.24,20.12,
1645091684.6183395,25.31,21.44,21.06,20.95,20.64,18.81,19.38,20.12,
1645091684.728339,25.43,21.47,21.15,20.99,20.72,18.75,19.42,20.02,
1645091684.8283389,25.37,21.34,21.11,21.13,20.68,18.75,19.28,19.92,
1645091684.928341,25.33,21.42,21.08,20.95,20.52,18.87,19.48,20.10,
1645091685.0382934,25.16,21.57,21.09,20.95,20.52,18.87,19.42,20.08,
1645091685.1383312,25.29,21.47,21.06,21.01,20.64,18.75,19.32,20.00,
1645091685.238335,25.29,21.45,20.98,20.99,20.72,18.81,19.36,19.98,
1645091685.3483386,25.31,21.42,21.09,20.88,20.58,18.75,19.52,20.00,
1645091685.4583414,25.33,21.57,21.08,21.01,20.58,18.87,19.28,19.78,
1645091685.5583494,25.24,21.45,21.02,20.90,20.58,18.75,19.32,19.84,
1645091685.6683419,25.25,21.38,20.98,21.01,20.62,18.81,19.38,20.19,
1645091685.7783382,25.12,21.44,21.08,21.01,20.58,18.69,19.42,20.06,
1645091685.888321,25.12,21.45,21.13,21.07,20.68,18.87,19.48,20.02,
1645091685.9883313,25.12,21.42,21.13,20.95,20.58,18.75,19.38,20.04,
1645091686.0983403,25.16,21.47,21.00,20.90,20.58,18.81,19.26,20.04,
1645091686.2083373,25.22,21.45,21.06,20.88,20.68,18.75,19.38,19.98,
1645091686.3183253,25.06,21.47,21.08,20.93,20.58,18.87,19.19,19.96,
1645091686.418328,25.18,21.36,21.04,20.95,20.74,18.81,19.38,19.90,
1645091686.5183291,25.12,21.47,21.04,20.97,20.62,18.81,19.38,19.96,
1645091686.6283402,25.03,21.40,21.08,20.90,20.52,18.81,19.32,20.02,
1645091686.7383273,25.06,21.47,21.19,21.01,20.58,18.75,19.44,20.02,
1645091686.8383358,25.10,21.38,21.15,21.01,20.52,18.75,19.32,19.98,
1645091686.9483337,24.97,21.47,21.09,21.01,20.62,18.69,19.36,20.15,
1645091687.0583816,25.03,21.30,21.06,20.99,20.64,18.87,19.36,19.98,
1645091687.1585083,24.89,21.40,21.02,21.13,20.62,18.75,19.38,19.92,
1645091687.2685149,24.87,21.36,21.13,20.95,20.54,18.81,19.34,20.10,
1645091687.3785112,24.83,21.38,21.15,21.05,20.54,18.87,19.38,20.08,
1645091687.4883866,24.99,21.47,21.19,20.99,20.72,18.81,19.26,19.96,
1645091687.5885012,24.87,21.45,21.17,21.01,20.72,18.81,19.32,20.15,
1645091687.6984906,24.89,21.32,21.13,21.07,20.64,18.81,19.58,20.08,
1645091687.7985106,24.82,21.32,21.13,20.93,20.68,18.75,19.38,20.00,
1645091687.908519,24.78,21.32,21.08,21.07,20.64,18.81,19.24,19.98,
1645091688.018433,24.78,21.25,21.21,21.07,20.62,18.87,19.44,20.04,
1645091688.118506,24.95,21.42,21.13,21.13,20.62,18.81,19.42,19.96,
1645091688.228466,24.78,21.32,21.06,20.95,20.64,18.75,19.44,20.19,
1645091688.328506,24.87,21.30,20.96,21.07,20.77,18.81,19.28,20.00,
1645091688.4385056,24.83,21.32,21.17,21.13,20.58,18.87,19.40,20.02,
1645091688.5485125,24.80,21.28,21.06,20.89,20.72,18.81,19.26,20.02,
1645091688.6485145,24.72,21.23,21.06,20.99,20.58,18.81,19.44,19.90,
1645091688.7585092,24.78,21.21,20.98,21.07,20.58,18.94,19.32,20.06,
1645091688.8585122,24.85,21.27,21.15,20.95,20.52,18.81,19.38,19.86,
1645091688.9585128,24.74,21.21,21.17,21.18,20.62,18.87,19.19,20.15,
1645091689.0686817,24.76,21.34,21.09,21.01,20.54,18.81,19.42,20.02,
1645091689.1786804,24.66,21.27,21.04,20.99,20.64,18.81,19.34,19.98,
1645091689.288682,24.63,21.25,21.06,20.95,20.52,18.87,19.34,20.23,
1645091689.3986714,24.64,21.40,21.08,20.90,20.58,18.87,19.42,20.23,
1645091689.498683,24.70,21.30,21.08,20.95,20.64,18.87,19.32,20.00,
1645091689.608685,24.61,21.21,20.98,20.99,20.58,18.69,19.26,19.98,
1645091689.7186852,24.61,21.19,21.08,21.01,20.68,18.69,19.54,20.08,
1645091689.8286846,24.49,21.15,21.09,20.90,20.58,18.87,19.50,19.96,
1645091689.9386804,24.51,21.17,21.00,20.93,20.64,18.81,19.23,19.90,
1645091690.0486805,24.64,21.23,21.08,21.01,20.68,18.75,19.44,20.02,
1645091690.1586828,24.55,21.27,21.11,21.03,20.62,18.81,19.38,20.17,
1645091690.268678,24.57,21.21,21.08,20.84,20.68,18.81,19.42,20.04,
1645091690.3786788,24.53,21.21,21.11,21.01,20.62,18.75,19.28,20.17,
1645091690.4886816,24.45,21.23,21.04,21.01,20.58,18.81,19.44,19.90,
1645091690.5986834,24.61,21.32,20.96,20.99,20.52,18.81,19.32,20.10,
1645091690.7086787,24.45,21.17,21.17,21.09,20.68,18.87,19.32,20.12,
1645091690.8186774,24.57,21.30,20.98,21.01,20.58,18.87,19.30,20.10,
1645091690.918685,24.59,21.23,21.06,21.07,20.58,18.81,19.48,19.92,
1645091691.0286787,24.40,21.27,21.09,20.95,20.68,18.75,19.48,19.98,
1645091691.1385639,24.49,21.27,21.02,20.88,20.58,18.87,19.40,19.90,
1645091691.248677,24.53,21.17,21.11,20.82,20.58,18.81,19.28,20.00,
1645091691.3486776,24.51,21.19,20.98,20.95,20.64,18.75,19.26,20.15,
1645091691.4586327,24.57,21.19,20.98,21.09,20.62,18.87,19.32,20.10,
1645091691.558681,24.30,21.04,21.06,21.09,20.62,18.81,19.32,20.02,
1645091691.6686778,24.45,21.21,20.96,20.99,20.54,18.87,19.44,20.15,
1645091691.768681,24.40,21.11,20.89,21.07,20.72,18.87,19.42,20.04,
1645091691.8686838,24.32,21.15,21.04,21.01,20.64,18.69,19.44,19.98,
1645091691.9786792,24.40,21.13,21.04,21.01,20.74,18.75,19.23,20.08,
1645091692.0886722,24.40,21.10,21.00,21.01,20.52,18.75,19.32,20.17,
1645091692.198681,24.38,21.06,21.06,20.93,20.74,18.81,19.44,20.15,
1645091692.308679,24.38,21.15,21.09,20.95,20.68,18.81,19.36,20.02,
1645091692.4186862,24.42,21.11,21.00,21.01,20.64,18.81,19.42,20.08,
1645091692.5286617,24.34,21.11,21.04,21.01,20.64,18.81,19.44,20.13,
1645091692.628664,24.36,21.13,21.09,20.88,20.58,18.75,19.28,19.90,
1645091692.72868,24.34,21.08,21.11,20.99,20.52,18.87,19.36,20.00,
1645091692.8386798,24.36,21.10,20.98,20.95,20.52,18.81,19.52,19.94,
1645091692.9386864,24.26,21.10,21.06,20.99,20.45,18.81,19.32,20.04,
1645091693.0486758,24.26,21.10,20.98,20.99,20.68,18.75,19.32,19.94,
1645091693.1586692,24.28,21.10,21.13,20.93,20.62,18.75,19.44,20.17,
1645091693.2586741,24.21,21.21,21.02,20.95,20.62,18.87,19.40,20.04,
1645091693.3686755,24.43,21.11,21.11,21.01,20.68,18.75,19.44,19.94,
1645091693.4786787,24.11,20.96,21.08,20.99,20.77,18.81,19.56,20.04,
1645091693.588675,24.26,21.02,21.06,21.01,20.72,18.81,19.32,20.08,
1645091693.6986678,24.34,20.96,21.08,21.01,20.64,18.75,19.44,19.98,
1645091693.798677,24.15,21.10,21.06,21.01,20.62,18.87,19.44,20.15,
1645091693.9086869,24.19,21.04,21.08,21.01,20.77,18.75,19.38,19.94,
1645091694.0186682,24.23,21.13,21.08,21.24,20.77,18.87,19.34,19.98,
1645091694.1186783,24.23,21.19,21.02,20.90,20.68,18.81,19.36,19.94,
1645091694.2286584,24.13,21.10,21.06,21.07,20.68,18.75,19.42,20.10,
1645091694.328674,24.15,21.19,21.11,21.01,20.68,18.87,19.38,19.94,
1645091694.438677,24.21,21.15,21.08,21.01,20.68,18.81,19.23,20.04,
1645091694.548666,24.21,21.06,20.98,21.01,20.54,18.81,19.34,20.00,
1645091694.6586854,24.17,21.11,21.06,21.01,20.72,18.81,19.32,20.10,
1645091694.7686675,24.09,21.00,21.02,21.07,20.52,18.69,19.34,20.04,
1645091694.868678,24.15,21.04,21.09,21.01,20.64,18.81,19.32,20.10,
1645091694.978671,24.21,20.94,21.00,21.01,20.64,18.87,19.30,19.96,
1645091695.0786753,24.04,21.04,21.08,21.01,20.54,18.75,19.32,19.92,
1645091695.1886744,24.11,21.08,21.08,21.13,20.64,18.81,19.36,20.10,
1645091695.288676,24.09,21.10,20.92,21.13,20.64,18.81,19.44,20.17,
1645091695.398678,24.17,20.98,21.02,20.97,20.72,18.87,19.44,20.06,
1645091695.5086753,24.00,21.08,20.98,20.89,20.68,18.81,19.52,19.88,
1645091695.6186724,24.09,21.02,21.04,20.95,20.45,18.75,19.48,20.04,
1645091695.718678,24.04,20.94,20.92,21.01,20.68,18.87,19.34,20.02,
1645091695.8286662,24.13,20.98,21.06,20.95,20.54,18.87,19.54,19.96,
1645091695.9286716,23.96,20.94,20.96,21.13,20.68,18.75,19.23,20.02,
1645091696.0386748,23.98,21.02,21.09,21.01,20.58,18.81,19.46,19.94,
1645091696.1486597,24.04,21.06,20.94,20.99,20.64,18.81,19.26,20.19,
1645091696.2486706,23.96,21.08,21.02,21.07,20.54,18.81,19.40,20.23,
1645091696.3586748,24.02,21.08,21.02,21.13,20.54,18.75,19.32,20.00,
1645091696.46867,24.05,21.08,20.98,20.99,20.62,18.81,19.42,19.88,
1645091696.568674,24.07,21.04,21.02,21.01,20.54,18.75,19.40,19.98,
1645091696.678676,24.00,21.00,21.08,20.95,20.45,18.81,19.32,20.06,
1645091696.7886736,24.04,21.04,20.92,21.01,20.72,18.81,19.42,19.88,
1645091696.8986657,23.96,20.96,20.89,20.88,20.64,18.87,19.32,20.10,
1645091697.008674,24.13,20.85,21.08,20.95,20.52,18.75,19.42,19.94,
1645091697.1185427,23.92,20.96,21.17,21.01,20.54,18.81,19.38,19.92,
1645091697.228545,24.05,20.92,20.98,20.95,20.72,18.81,19.58,20.00,
1645091697.3386788,24.07,20.96,21.15,21.01,20.48,18.94,19.42,20.02,
1645091697.4486701,24.04,20.91,21.17,21.13,20.58,18.81,19.54,20.06,
1645091697.5486736,23.94,20.91,21.04,21.01,20.72,18.81,19.34,20.04,
1645091697.658667,23.86,21.04,21.00,21.09,20.54,18.81,19.34,19.98,
1645091697.7686696,24.00,21.00,20.90,21.05,20.54,18.81,19.32,20.15,
1645091697.878624,23.88,20.94,20.98,20.99,20.72,18.75,19.34,20.02,
1645091697.978656,23.88,20.89,21.08,20.90,20.62,18.81,19.44,20.04,
1645091698.078667,23.77,20.85,21.04,21.07,20.58,18.75,19.32,20.04,
1645091698.188666,23.92,21.00,20.98,21.07,20.54,18.87,19.38,20.00,
1645091698.2986698,23.92,20.91,20.89,20.95,20.52,18.75,19.34,19.86,
1645091698.3986697,23.88,21.00,20.96,21.01,20.54,18.81,19.44,19.90,
1645091698.498676,23.94,20.92,21.06,21.03,20.54,18.81,19.44,20.02,
1645091698.608666,24.00,21.00,20.98,20.95,20.52,18.87,19.32,19.98,
1645091698.7186687,23.92,21.04,21.06,20.88,20.58,18.87,19.36,19.90,
1645091698.8286667,23.96,20.96,20.98,21.07,20.74,18.81,19.28,20.08,
1645091698.9385397,23.81,20.87,21.06,21.07,20.68,18.75,19.32,19.98,
1645091699.0385423,23.88,20.96,21.11,21.14,20.64,18.81,19.42,20.02,
1645091699.1386714,23.92,20.94,20.98,20.88,20.52,18.81,19.34,20.02,
1645091699.2386725,23.83,20.98,21.00,21.01,20.68,18.81,19.40,20.00,
1645091699.3486679,23.98,20.89,21.09,21.07,20.72,18.94,19.38,20.02,
1645091699.4586694,23.86,20.98,21.00,21.07,20.58,18.81,19.42,20.00,
1645091699.5686622,23.77,20.85,21.09,21.01,20.74,18.75,19.48,20.17,
1645091699.6686676,23.84,20.92,20.90,21.01,20.54,18.81,19.38,19.96,
1645091699.7686696,23.90,20.85,21.06,20.95,20.58,18.81,19.48,20.19,
1645091699.8786678,23.83,20.91,20.89,20.95,20.72,18.87,19.42,19.98,
1645091699.9886684,23.77,20.85,20.98,20.99,20.54,18.87,19.38,19.92,
1645091700.0886695,23.71,20.79,20.92,21.07,20.62,18.81,19.40,20.00,
1645091700.1986592,23.83,20.91,20.96,21.07,20.64,18.87,19.38,19.98,
1645091700.2986658,23.83,20.85,21.02,20.93,20.72,18.81,19.36,20.08,
1645091700.4086664,23.75,20.91,21.02,21.01,20.62,18.81,19.44,20.06,
1645091700.5186706,23.77,20.89,20.96,21.01,20.58,18.81,19.40,20.10,
1645091700.628665,23.77,20.94,20.92,21.01,20.58,18.75,19.32,20.04,
1645091700.738663,23.83,20.72,21.09,20.93,20.64,18.75,19.44,19.98,
1645091700.8386664,23.75,20.92,21.00,21.07,20.48,18.87,19.48,20.02,
1645091700.9386697,23.83,20.77,20.94,21.01,20.58,18.69,19.38,19.96,
1645091701.04862,23.73,20.96,20.96,20.99,20.62,18.75,19.34,20.17,
1645091701.1486616,23.77,20.79,21.00,21.07,20.68,18.81,19.40,19.92,
1645091701.248662,23.75,20.74,21.06,21.07,20.74,18.81,19.42,19.92,
1645091701.3586614,23.73,20.83,20.94,21.07,20.62,18.81,19.52,20.13,
1645091701.4685364,23.81,20.89,21.11,21.01,20.64,18.87,19.34,20.04,
1645091701.5685387,23.67,20.83,20.98,21.01,20.54,18.87,19.38,20.10,
1645091701.6786716,23.73,20.79,21.02,20.95,20.58,18.75,19.32,20.11,
1645091701.7886617,23.71,20.83,20.90,21.07,20.64,18.87,19.34,20.02,
1645091701.888676,23.56,20.92,20.98,20.95,20.64,18.87,19.32,20.00,
1645091701.9986653,23.67,20.83,21.04,21.09,20.54,18.87,19.30,20.13,
1645091702.1086602,23.67,20.91,20.96,21.07,20.58,18.87,19.26,20.17,
1645091702.2186632,23.75,20.89,21.00,20.95,20.58,18.81,19.50,19.94,
1645091702.3186634,23.60,20.77,21.08,21.01,20.54,18.75,19.44,19.94,
1645091702.428663,23.77,20.94,21.08,21.01,20.68,18.87,19.32,19.96,
1645091702.5386622,23.54,20.85,20.94,21.07,20.64,18.87,19.28,20.00,
1645091702.648664,23.71,20.91,20.98,20.99,20.45,18.94,19.48,20.00,
1645091702.7586653,23.58,20.92,20.98,21.07,20.58,18.87,19.34,19.94,
1645091702.8586714,23.65,20.83,20.98,20.99,20.77,18.81,19.28,20.13,
1645091702.96866,23.56,20.85,20.98,21.07,20.64,18.81,19.44,20.00,
1645091703.0786648,23.71,20.85,21.06,20.95,20.54,18.75,19.36,20.15,
1645091703.1885755,23.71,20.87,20.90,21.07,20.52,18.75,19.44,20.04,
1645091703.2886603,23.67,20.77,21.04,21.18,20.68,18.81,19.23,20.06,
1645091703.3986628,23.56,20.77,20.98,21.01,20.54,18.87,19.32,20.06,
1645091703.4986725,23.58,20.91,20.92,21.07,20.64,18.69,19.21,20.15,
1645091703.608663,23.65,20.81,21.06,21.09,20.58,18.81,19.38,19.94,
1645091703.7186599,23.56,20.74,20.90,21.05,20.83,18.94,19.36,20.17,
1645091703.8286593,23.65,20.70,20.92,21.07,20.64,18.81,19.48,19.92,
1645091703.9386587,23.58,20.81,21.04,21.01,20.74,18.81,19.32,20.08,
1645091704.038661,23.67,20.83,21.06,21.03,20.64,18.81,19.21,20.27,
1645091704.148658,23.65,20.72,21.06,21.11,20.68,18.75,19.32,20.00,
1645091704.2586186,23.94,20.81,21.02,21.01,20.52,18.75,19.32,20.15,
1645091704.3686612,26.63,20.83,20.90,21.13,20.54,18.87,19.42,19.98,
1645091704.478657,28.31,21.08,20.79,20.93,20.68,18.75,19.46,20.15,
1645091704.5886512,29.04,21.21,20.94,21.14,20.54,18.81,19.56,20.10,
1645091704.6886582,29.49,21.59,20.92,20.95,20.54,18.75,19.32,19.98,
1645091704.7986562,29.85,22.52,21.08,20.95,20.52,18.81,19.40,20.06,
1645091704.8986566,30.12,23.18,21.11,21.07,20.54,18.81,19.36,20.04,
1645091704.9986603,30.35,23.87,20.96,20.99,20.58,18.81,19.38,20.04,
1645091705.1086588,30.41,24.49,21.00,21.01,20.62,18.75,19.48,20.06,
1645091705.2086673,30.53,25.10,20.89,20.88,20.45,18.87,19.46,20.04,
1645091705.3186622,30.78,25.79,20.92,20.89,20.52,18.75,19.44,20.10,
1645091705.4286585,30.80,26.21,21.00,20.95,20.64,18.69,19.52,20.06,
1645091705.5386581,30.85,26.33,20.90,21.13,20.74,18.62,19.26,20.02,
1645091705.6486497,30.99,26.54,20.98,20.99,20.54,18.81,19.44,19.96,
1645091705.748656,31.11,26.63,21.09,21.13,20.62,18.81,19.32,20.10,
1645091705.8486571,31.38,26.50,21.09,21.07,20.64,18.87,19.42,20.17,
1645091705.9586637,31.24,26.71,21.09,21.07,20.72,18.81,19.38,20.15,
1645091706.0686593,31.43,26.65,21.08,20.88,20.72,18.94,19.30,20.10,
1645091706.178655,31.63,26.71,21.08,21.13,20.64,18.75,19.32,20.04,
1645091706.2786624,31.63,26.71,21.08,21.01,20.48,18.81,19.34,19.94,
1645091706.3886464,31.69,26.86,21.09,21.18,20.62,18.81,19.24,20.15,
1645091706.4986563,31.40,26.90,21.11,21.07,20.64,18.81,19.28,20.00,
1645091706.608557,31.07,27.05,21.11,21.13,20.48,18.81,19.28,20.06,
1645091706.7185285,30.66,27.21,21.08,21.16,20.64,18.75,19.34,20.12,
1645091706.81861,30.35,27.53,21.00,21.01,20.54,18.75,19.40,19.84,
1645091706.918672,30.08,27.55,21.21,21.07,20.62,18.81,19.28,20.04,
1645091707.0286577,29.83,27.36,21.15,21.01,20.68,18.87,19.38,20.08,
1645091707.1386523,29.64,27.02,21.13,21.13,20.58,18.81,19.42,20.04,
1645091707.2486556,29.39,26.86,21.29,21.07,20.72,18.87,19.42,19.78,
1645091707.3486564,29.49,26.86,21.36,21.14,20.68,18.87,19.52,20.19,
1645091707.4586084,29.39,27.05,21.25,21.14,20.68,18.87,19.54,20.17,
1645091707.558652,30.22,27.07,21.29,21.18,20.81,18.94,19.52,19.96,
1645091707.6586556,30.64,26.90,21.36,21.18,20.64,18.94,19.58,19.92,
1645091707.7686577,30.53,26.60,21.34,21.18,20.58,18.87,19.28,20.08,
1645091707.8786566,30.39,26.29,21.44,21.13,20.64,18.81,19.42,20.21,
1645091707.9786644,30.91,26.16,21.44,21.13,20.62,18.87,19.34,20.10,
1645091708.0886555,31.24,25.96,21.40,21.07,20.81,18.81,19.19,20.04,
1645091708.1986523,31.14,26.52,21.46,21.14,20.68,18.81,19.28,20.06,
1645091708.308651,30.86,26.73,21.36,21.07,20.54,18.75,19.50,20.06,
1645091708.4185262,30.60,27.00,21.44,21.13,20.74,18.81,19.38,20.08,
1645091708.5186298,30.41,27.07,21.49,21.07,20.54,18.87,19.34,20.15,
1645091708.6186464,30.22,27.28,21.49,21.09,20.48,18.87,19.32,20.15,
1645091708.7186522,30.08,27.61,21.44,21.13,20.64,18.81,19.42,20.06,
1645091708.8285236,29.97,27.42,21.55,21.18,20.87,18.87,19.48,19.84,
1645091708.9286568,30.08,27.50,21.46,21.07,20.64,18.87,19.42,20.04,
1645091709.0386367,30.47,27.27,21.53,21.13,20.74,18.81,19.52,19.92,
1645091709.1386507,30.87,27.13,21.40,21.07,20.74,18.81,19.42,20.10,
1645091709.2386537,30.86,26.98,21.51,21.14,20.64,18.87,19.40,19.92,
1645091709.3486502,30.80,26.58,21.38,21.14,20.58,18.81,19.50,19.98,
1645091709.4486513,30.80,26.37,21.48,21.14,20.62,18.87,19.48,20.00,
1645091709.5586536,31.07,26.29,21.48,21.20,20.62,18.81,19.40,19.92,
1645091709.66865,31.03,26.21,21.51,21.09,20.72,18.81,19.40,19.92,
1645091709.7786489,31.22,26.21,21.53,21.20,20.52,18.81,19.48,20.06,
1645091709.8786523,30.91,26.02,21.53,21.09,20.74,19.00,19.48,20.06,
1645091709.9786527,30.82,25.91,21.67,21.20,20.68,18.75,19.48,20.02,
1645091710.0886474,30.80,25.70,21.55,21.13,20.77,18.87,19.32,20.00,
1645091710.1886592,30.74,25.66,21.48,21.13,20.62,18.81,19.30,20.10,
1645091710.298647,30.60,25.47,21.49,21.07,20.62,18.94,19.28,20.06,
1645091710.398651,30.28,25.33,21.36,21.09,20.68,18.87,19.44,20.15,
1645091710.5086455,30.08,25.24,21.55,21.13,20.68,18.81,19.38,20.00,
1645091710.6186047,28.93,24.55,21.55,21.26,20.68,18.81,19.28,20.02,
1645091711.6186466,28.87,24.59,21.55,21.05,20.77,18.87,19.52,19.94,
1645091711.7286494,28.87,24.48,21.49,21.14,20.58,18.81,19.34,19.94,
1645091711.8386486,28.62,24.86,21.57,21.14,20.64,18.81,19.44,20.08,
1645091711.9486523,28.66,25.47,21.59,21.01,20.74,18.94,19.32,19.92,
1645091712.0586483,28.60,25.98,21.53,21.14,20.64,18.75,19.54,20.04,
1645091712.16865,28.60,26.31,21.59,21.13,20.54,18.87,19.38,20.12,
1645091712.2786522,28.49,26.27,21.65,21.14,20.64,18.81,19.34,20.10,
1645091712.3886492,28.37,26.02,21.53,21.26,20.62,18.81,19.48,20.23,
1645091712.4986413,28.43,25.79,21.61,21.07,20.72,18.81,19.42,20.06,
1645091712.598648,28.35,25.72,21.68,21.09,20.62,18.87,19.34,20.21,
1645091712.708649,28.10,25.79,21.57,21.30,20.68,18.75,19.38,20.06,
1645091712.8186438,28.51,25.98,21.68,21.26,20.74,18.81,19.34,19.92,
1645091712.9186509,28.76,25.98,21.63,21.26,20.68,18.87,19.44,20.10,
1645091713.0286448,28.76,25.91,21.59,21.18,20.77,18.81,19.32,19.96,
1645091713.1386433,28.68,25.89,21.74,21.09,20.74,18.87,19.38,20.00,
1645091713.238645,28.37,25.73,21.63,21.14,20.68,18.87,19.44,20.00,
1645091713.3486469,28.41,25.47,21.59,21.14,20.68,18.87,19.32,20.21,
1645091713.4586442,28.30,25.28,21.69,21.07,20.62,18.87,19.48,20.02,
1645091713.5586479,28.16,25.28,21.63,21.20,20.68,18.81,19.36,20.04,
1645091713.6686423,28.20,25.03,21.63,21.09,20.62,18.87,19.34,19.88,
1645091713.7786424,28.05,24.97,21.61,21.24,20.74,18.87,19.38,19.98,
1645091713.8786485,28.07,24.99,21.76,21.20,20.68,18.81,19.44,20.06,
1645091713.9886458,27.91,24.88,21.63,21.07,20.62,18.95,19.25,19.94,
1645091714.0886464,27.89,24.89,21.57,21.26,20.62,18.81,19.26,20.08,
1645091714.1986458,27.89,24.82,21.55,21.28,20.64,18.87,19.28,20.04,
1645091714.3086424,27.82,24.61,21.63,21.20,20.64,18.81,19.34,19.96,
1645091714.4186544,27.78,24.63,21.63,21.07,20.77,18.81,19.54,19.96,
1645091714.528638,27.70,24.67,21.63,21.18,20.72,18.75,19.28,19.96,
1645091714.6386395,27.84,24.57,21.57,21.13,20.62,18.81,19.38,20.04,
1645091714.7485414,27.64,24.51,21.63,21.32,20.62,18.81,19.42,20.15,
1645091714.8486326,27.66,24.55,21.69,21.22,20.72,18.81,19.54,19.92,
1645091714.9586437,27.59,24.28,21.67,21.18,20.72,18.81,19.36,19.90,
1645091715.0685213,27.45,24.42,21.69,21.07,20.62,18.87,19.48,20.10,
1645091715.1785185,27.57,24.32,21.67,21.20,20.74,18.95,19.44,20.27,
1645091715.2786477,27.38,24.27,21.65,21.20,20.64,18.95,19.44,20.29,
1645091715.3886368,27.43,24.23,21.61,21.13,20.62,18.81,19.34,20.10,
1645091715.4986336,27.41,24.13,21.63,21.20,20.74,18.87,19.46,20.06,
1645091715.5986426,27.39,24.28,21.61,21.01,20.64,18.87,19.44,19.90,
1645091715.7091973,27.17,24.02,21.69,21.20,20.45,18.81,19.44,20.02,
1645091715.8091977,27.22,24.19,21.74,21.20,20.58,18.75,19.30,20.12,
1645091715.9091983,27.18,23.96,21.57,21.07,20.64,18.81,19.28,20.08,
1645091716.009208,27.07,24.19,21.65,21.26,20.62,18.87,19.42,20.04,
1645091716.1192012,27.18,23.98,21.61,21.20,20.83,18.81,19.48,20.17,
1645091716.2291944,27.03,24.09,21.70,21.18,20.72,18.81,19.42,19.96,
1645091716.3291965,27.09,23.98,21.76,21.14,20.58,18.87,19.44,19.86,
1645091716.4293635,27.20,23.90,21.57,21.20,20.72,18.94,19.42,20.10,
1645091716.5393672,26.76,23.85,21.63,21.26,20.62,18.75,19.44,19.94,
1645091716.6393688,26.95,23.90,21.57,21.20,20.68,18.87,19.28,20.10,
1645091716.7393687,26.95,23.87,21.67,21.07,20.77,18.81,19.34,19.98,
1645091716.8393695,26.88,23.90,21.61,21.26,20.72,18.81,19.28,20.23,
1645091716.949367,26.95,23.89,21.65,21.14,20.54,18.81,19.44,19.94,
1645091717.0593717,26.86,23.77,21.68,21.26,20.68,18.87,19.48,20.00,
1645091717.1693678,26.88,23.89,21.70,21.20,20.58,18.81,19.46,20.08,
1645091717.2793663,26.71,23.81,21.59,21.09,20.72,18.81,19.32,20.15,
1645091717.3793697,26.76,23.64,21.65,21.20,20.62,18.81,19.38,19.96,
1645091717.4893684,26.74,23.73,21.57,21.20,20.72,18.81,19.42,20.02,
1645091717.5993636,26.82,23.68,21.55,21.09,20.72,18.87,19.58,20.04,
1645091717.6993668,26.76,23.73,21.65,21.14,20.64,18.81,19.52,20.10,
1645091717.799368,26.59,23.71,21.65,21.13,20.72,18.87,19.44,20.00,
1645091717.9093795,26.63,23.66,21.65,21.18,20.68,18.87,19.28,19.90,
1645091718.0193672,26.69,23.58,21.61,21.18,20.72,18.81,19.36,20.10,
1645091718.1293669,26.69,23.52,21.70,21.20,20.74,18.81,19.48,20.10,
1645091718.2393649,26.50,23.60,21.76,21.16,20.62,18.87,19.48,20.08,
1645091718.3393793,26.44,23.47,21.65,21.13,20.54,18.94,19.48,20.04,
1645091718.4493668,26.40,23.52,21.65,21.18,20.72,18.75,19.36,20.06,
1645091718.5593653,26.44,23.43,21.74,21.20,20.58,18.87,19.28,20.10,
1645091718.6593657,26.55,23.58,21.68,21.09,20.68,18.87,19.38,20.10,
1645091718.7593687,26.34,23.45,21.74,21.20,20.74,18.87,19.48,20.10,
1645091718.8593695,26.42,23.39,21.53,21.18,20.68,18.69,19.36,20.31,
1645091718.9693646,26.34,23.52,21.59,21.39,20.64,18.87,19.54,20.00,
1645091719.0693667,26.38,23.37,21.65,21.20,20.72,18.81,19.42,20.21,
1645091719.1793652,26.30,23.49,21.61,21.18,20.72,18.94,19.46,19.92,
1645091719.289374,26.36,23.41,21.65,21.13,20.54,18.81,19.32,20.02,
1645091719.399355,26.30,23.49,21.65,21.20,20.68,18.81,19.38,19.96,
1645091719.4993649,26.32,23.31,21.70,21.20,20.68,18.94,19.38,19.98,
1645091719.609362,26.25,23.41,21.63,21.14,20.74,18.87,19.50,19.96,
1645091719.7093658,26.36,23.33,21.63,21.01,20.64,18.81,19.32,20.08,
1645091719.8192413,26.34,23.47,21.65,21.24,20.68,18.87,19.38,20.13,
1645091719.919365,26.17,23.26,21.67,21.20,20.68,18.87,19.34,20.06,
1645091720.019367,26.19,23.33,21.68,21.20,20.62,18.94,19.50,20.13,
1645091720.1193671,26.15,23.30,21.65,21.20,20.64,18.87,19.44,20.04,
1645091720.2293525,26.11,23.30,21.57,21.20,20.68,18.81,19.40,19.86,
1645091720.3293586,26.09,23.31,21.74,21.18,20.68,18.87,19.46,20.10,
1645091720.4293613,26.11,23.18,21.67,21.20,20.62,18.81,19.52,19.94,
1645091720.5393643,26.07,23.31,21.65,21.13,20.68,18.94,19.28,20.12,
1645091720.650051,26.11,23.16,21.61,21.20,20.72,18.75,19.28,20.04,
1645091720.7612464,26.04,23.22,21.70,21.20,20.64,18.87,19.52,20.04,
1645091720.8612592,26.02,23.18,21.53,21.13,20.72,18.94,19.36,20.00,
1645091720.9612615,26.06,23.18,21.63,21.18,20.64,18.87,19.38,20.04,
1645091721.071216,26.00,23.14,21.59,21.20,20.62,18.87,19.38,19.98,
1645091721.17125,25.92,23.26,21.61,21.01,20.54,18.87,19.54,19.94,
1645091721.2712586,25.96,23.14,21.55,21.14,20.68,18.81,19.52,20.02,
1645091721.3712604,25.98,23.12,21.74,21.20,20.58,18.87,19.38,20.10,
1645091721.4812562,25.94,23.09,21.67,21.32,20.74,18.75,19.48,20.12,
1645091721.5912547,25.92,23.12,21.68,21.20,20.58,18.87,19.38,20.08,
1645091721.6912699,26.02,23.05,21.55,21.18,20.62,18.87,19.48,20.17,
1645091721.8012538,26.00,22.99,21.59,21.24,20.74,18.87,19.40,20.02,
1645091721.9112551,25.90,23.01,21.72,21.13,20.64,18.87,19.48,19.92,
1645091722.011262,25.85,23.05,21.65,21.20,20.68,18.81,19.38,20.06,
1645091722.121258,25.90,23.11,21.67,21.18,20.72,18.81,19.36,20.10,
1645091722.2312703,25.65,22.93,21.72,21.20,20.81,18.87,19.54,20.00,
1645091722.3412623,25.83,22.99,21.61,21.18,20.72,18.87,19.54,20.00,
1645091722.4512563,25.81,22.99,21.61,21.32,20.72,18.75,19.40,19.98,
1645091722.5612562,25.81,23.01,21.67,21.20,20.64,18.94,19.40,19.96,
1645091722.661257,25.81,22.92,21.63,21.07,20.52,18.87,19.40,20.10,
1645091722.7712626,25.64,22.92,21.57,21.14,20.74,18.81,19.40,19.98,
1645091722.881252,25.73,22.84,21.59,21.13,20.64,18.81,19.32,19.94,
1645091722.9912548,25.60,22.88,21.61,21.20,20.54,18.87,19.38,20.04,
1645091723.1012533,25.67,22.99,21.67,21.13,20.58,18.87,19.44,20.02,
1645091723.211258,25.67,22.95,21.65,21.18,20.81,18.81,19.32,20.02,
1645091723.3212535,25.71,22.99,21.55,21.20,20.48,18.75,19.54,19.94,
1645091723.4312549,25.54,22.92,21.67,21.20,20.83,18.81,19.24,20.11,
1645091723.5312586,25.60,22.80,21.55,21.20,20.64,18.75,19.34,20.02,
1645091723.641254,25.62,22.82,21.57,21.26,20.74,18.81,19.38,20.04,
1645091723.7412565,25.54,22.86,21.61,21.13,20.74,18.94,19.38,20.15,
1645091723.8512573,25.58,22.80,21.74,21.14,20.68,18.81,19.42,20.06,
1645091723.9612534,25.54,22.76,21.57,21.20,20.68,18.75,19.48,20.06,
1645091724.0712528,25.62,22.76,21.55,21.18,20.74,18.81,19.26,20.00,
1645091724.171264,25.58,22.76,21.63,21.14,20.72,18.81,19.26,20.13,
1645091724.2812657,25.48,22.80,21.61,21.26,20.68,18.87,19.42,20.04,
1645091724.391129,25.62,22.78,21.61,21.16,20.62,18.94,19.44,20.02,
1645091724.4912546,25.64,22.73,21.57,21.26,20.54,18.94,19.40,19.96,
1645091724.6012459,25.56,22.71,21.65,21.07,20.58,18.94,19.34,20.00,
1645091724.7012544,25.52,22.82,21.55,21.14,20.68,18.81,19.34,20.15,
1645091724.8112564,25.50,22.61,21.63,21.20,20.74,18.87,19.44,20.04,
1645091724.921252,25.46,22.80,21.61,21.26,20.64,18.81,19.24,20.19,
1645091725.0312483,25.43,22.71,21.53,21.38,20.77,18.87,19.48,20.06,
1645091725.1412592,25.46,22.71,21.57,21.34,20.72,18.81,19.23,20.04,
1645091725.2512612,25.37,22.67,21.63,21.18,20.58,18.94,19.38,20.02,
1645091725.3612502,25.41,22.63,21.55,21.32,20.72,18.81,19.40,19.90,
1645091725.4712524,25.46,22.71,21.53,21.20,20.62,18.87,19.40,19.84,
1645091725.581252,25.37,22.67,21.55,21.20,20.72,18.87,19.48,20.00,
1645091725.6912549,25.31,22.73,21.63,21.20,20.74,18.94,19.44,20.00,
1645091725.8012528,25.41,22.61,21.67,21.13,20.72,18.87,19.42,19.82,
1645091725.9112508,25.41,22.65,21.53,21.13,20.54,18.87,19.42,20.02,
1645091726.0112526,25.35,22.71,21.65,21.26,20.62,18.87,19.48,20.17,
1645091726.1212487,25.35,22.63,21.63,21.14,20.74,18.87,19.24,20.17,
1645091726.2311225,25.31,22.67,21.63,21.28,20.62,18.94,19.42,19.90,
1645091726.3312533,25.29,22.61,21.57,21.20,20.62,18.75,19.48,20.08,
1645091726.4412491,25.16,22.65,21.55,21.32,20.72,18.75,19.42,20.00,
1645091726.5512428,25.23,22.55,21.44,21.20,20.68,18.81,19.32,19.98,
1645091726.6512518,25.35,22.61,21.61,21.14,20.58,18.87,19.38,20.04,
1645091726.752793,25.37,22.55,21.57,21.26,20.74,18.81,19.38,19.94,
1645091726.8527942,25.22,22.61,21.61,21.26,20.72,18.87,19.38,20.23,
1645091726.952807,25.23,22.57,21.46,21.26,20.68,18.87,19.34,19.94,
1645091727.062785,25.14,22.59,21.61,21.20,20.81,18.81,19.34,20.06,
1645091727.1727076,25.16,22.61,21.55,21.20,20.64,18.87,19.48,20.00,
1645091727.2727957,25.31,22.55,21.61,21.20,20.74,18.87,19.48,20.00,
1645091727.3827858,25.22,22.55,21.59,21.24,20.77,18.81,19.42,20.08,
1645091727.492747,25.16,22.61,21.63,21.26,20.72,18.75,19.54,20.04,
1645091727.5927813,25.16,22.57,21.63,21.20,20.77,18.87,19.58,20.02,
1645091727.7027886,25.20,22.48,21.68,21.20,20.72,18.75,19.19,20.11,
1645091727.8127995,25.20,22.52,21.61,21.14,20.68,18.87,19.38,19.98,
1645091727.9227898,25.12,22.54,21.72,21.20,20.68,18.87,19.40,20.06,
1645091728.0228002,25.04,22.54,21.67,21.13,20.68,18.87,19.36,19.96,
1645091728.1327832,25.16,22.48,21.49,21.20,20.72,18.75,19.44,20.10,
1645091728.232791,25.12,22.55,21.49,21.07,20.68,18.87,19.38,20.08,
1645091728.3427856,25.04,22.42,21.57,21.13,20.74,18.81,19.48,20.12,
1645091728.4427922,25.12,22.52,21.53,21.13,20.74,18.75,19.34,20.00,
1645091728.5427935,24.99,22.52,21.59,21.14,20.81,18.81,19.48,20.10,
1645091728.652791,24.97,22.36,21.51,21.13,20.68,18.87,19.34,20.15,
1645091728.7527936,25.10,22.46,21.57,21.32,20.81,18.87,19.28,19.96,
1645091728.8527944,25.22,22.36,21.59,21.28,20.58,18.75,19.38,19.94,
1645091728.9627883,25.14,22.38,21.59,21.20,20.64,18.87,19.48,20.10,
1645091729.0728023,24.95,22.35,21.53,21.22,20.74,18.81,19.26,20.02,
1645091729.182789,24.99,22.36,21.63,21.16,20.58,18.81,19.36,20.04,
1645091729.2829585,24.93,22.55,21.55,21.18,20.81,18.87,19.26,19.88,
1645091729.3929596,25.04,22.42,21.51,21.13,20.72,18.81,19.38,20.15,
1645091729.5029619,24.89,22.31,21.55,21.14,20.72,18.95,19.38,20.06,
1645091729.6129575,25.03,22.46,21.53,21.09,20.68,18.81,19.38,20.13,
1645091729.7129614,24.91,22.31,21.55,21.20,20.64,18.81,19.52,19.96,
1645091729.8229604,24.97,22.42,21.61,21.26,20.64,18.81,19.38,20.04,
1645091729.9229612,25.06,22.23,21.51,21.20,20.72,18.95,19.34,20.39,
1645091730.032972,25.01,22.38,21.49,21.26,20.68,18.81,19.38,19.92,
1645091730.142958,24.91,22.36,21.63,21.14,20.72,18.81,19.38,20.00,
1645091730.2529523,24.91,22.36,21.49,21.01,20.72,18.81,19.46,19.96,
1645091730.3529608,24.83,22.29,21.59,21.20,20.48,18.87,19.40,19.92,
1645091730.4529614,24.95,22.27,21.57,21.28,20.72,18.81,19.52,20.06,
1645091730.5529618,24.99,22.38,21.55,21.26,20.77,18.81,19.38,19.98,
1645091730.6629145,24.97,22.33,21.59,21.20,20.72,18.87,19.50,20.06,
1645091730.7629557,25.03,22.36,21.59,21.20,20.81,18.87,19.42,20.10,
1645091730.872962,24.91,22.35,21.63,21.26,20.68,18.87,19.42,19.92,
1645091730.9829533,24.97,22.38,21.61,21.28,20.64,18.81,19.38,20.17,
1645091731.0929587,24.97,22.23,21.49,21.26,20.77,18.81,19.32,20.04,
1645091731.2029526,24.91,22.23,21.51,21.20,20.68,18.87,19.36,20.06,
1645091731.3129501,24.87,22.33,21.55,21.26,20.62,18.87,19.38,20.04,
1645091731.4129617,24.91,22.23,21.57,21.26,20.64,18.87,19.44,20.04,
1645091731.5228329,24.85,22.25,21.53,21.24,20.77,18.87,19.48,20.10,
1645091731.6328328,24.85,22.27,21.57,21.14,20.64,18.87,19.34,19.98,
1645091731.732968,24.89,22.35,21.67,21.13,20.72,18.81,19.38,20.04,
1645091731.84295,24.76,22.36,21.44,21.13,20.74,19.00,19.50,20.02,
1645091731.952958,24.97,22.25,21.46,21.20,20.72,18.81,19.34,20.08,
1645091732.0529618,24.78,22.31,21.42,21.07,20.62,18.87,19.32,20.06,
1645091732.162954,24.80,22.10,21.55,21.20,20.72,18.81,19.42,20.04,
1645091732.272955,24.93,22.23,21.49,21.13,20.72,18.87,19.38,20.00,
1645091732.3829482,24.72,22.27,21.61,21.14,20.68,18.87,19.42,19.98,
1645091732.4829535,24.72,22.23,21.57,21.16,20.52,18.87,19.48,20.10,
1645091732.5929573,24.85,22.14,21.48,21.18,20.74,18.81,19.42,20.12,
1645091732.702957,24.68,22.29,21.55,21.36,20.64,18.75,19.32,20.02,
1645091732.81057,24.72,22.23,21.48,21.20,20.64,18.95,19.34,20.04,
1645091732.9107437,24.66,22.21,21.59,21.32,20.74,18.87,19.28,20.04,
1645091733.0206242,24.87,22.10,21.49,21.13,20.74,18.81,19.52,19.92,
1645091733.1207457,24.70,22.06,21.72,21.14,20.68,18.95,19.44,20.17,
1645091733.2307463,24.78,22.21,21.48,21.13,20.58,18.81,19.48,20.08,
1645091733.340746,24.68,22.21,21.57,21.18,20.62,18.75,19.48,20.12,
1645091733.4507527,24.72,22.19,21.48,21.20,20.72,18.87,19.28,20.10,
1645091733.5507557,24.76,22.19,21.46,21.26,20.77,18.75,19.36,20.21,
1645091733.6607482,24.66,22.16,21.65,21.13,20.62,18.87,19.42,20.15,
1645091733.7607484,24.76,22.18,21.65,21.26,20.72,18.95,19.48,19.92,
1645091733.8707442,24.64,22.21,21.51,21.20,20.64,18.95,19.52,20.02,
1645091733.9807467,24.72,22.10,21.61,21.13,20.68,18.87,19.56,20.08,
1645091734.080747,24.63,22.04,21.53,21.24,20.68,18.69,19.46,19.88,
1645091734.1907463,24.70,22.18,21.55,21.20,20.68,18.87,19.23,20.10,
1645091734.3007407,24.64,22.21,21.51,21.13,20.62,18.87,19.48,20.06,
1645091734.4007447,24.70,22.04,21.46,21.26,20.68,18.81,19.36,20.02,
1645091734.5007448,24.70,21.97,21.55,21.20,20.64,18.87,19.44,20.00,
1645091734.6107461,24.61,22.10,21.49,21.14,20.58,18.75,19.54,19.96,
1645091734.7107465,24.76,22.25,21.57,21.20,20.64,18.87,19.32,20.13,
1645091734.8107634,24.63,22.12,21.48,21.07,20.54,18.87,19.32,20.10,
1645091734.9207478,24.64,22.23,21.40,21.20,20.77,18.95,19.52,20.02,
1645091735.0307412,24.68,22.14,21.53,21.20,20.68,18.81,19.23,20.10,
1645091735.1307476,24.78,22.19,21.46,21.18,20.74,18.87,19.38,20.00,
1645091735.2407453,24.78,22.14,21.53,21.11,20.74,18.81,19.28,19.92,
1645091735.340746,24.59,22.18,21.46,21.20,20.64,18.75,19.32,20.17,
1645091735.4507442,24.64,21.99,21.40,21.34,20.77,18.95,19.52,20.08,
1645091735.5607393,24.64,22.08,21.55,21.20,20.74,19.00,19.38,19.86,
1645091735.6607556,24.61,21.99,21.53,21.32,20.77,18.81,19.32,20.02,
1645091735.7707489,24.61,22.04,21.51,21.13,20.72,18.87,19.28,19.90,
1645091735.8807466,24.53,22.14,21.51,21.20,20.62,18.87,19.48,20.21,
1645091735.9907384,24.57,22.02,21.55,21.34,20.68,18.81,19.32,19.92,
1645091736.0907464,24.57,22.08,21.57,21.14,20.68,18.95,19.56,20.06,
1645091736.2007403,24.55,21.97,21.48,21.39,20.74,18.81,19.44,20.10,
1645091736.3107412,24.63,22.00,21.48,21.18,20.68,18.87,19.34,20.04,
1645091736.410744,24.66,22.06,21.61,21.20,20.72,18.87,19.19,20.02,
1645091736.5207438,24.70,21.95,21.48,21.20,20.58,18.95,19.34,20.12,
1645091736.6307395,24.45,21.99,21.57,21.20,20.68,18.95,19.34,19.86,
1645091736.7307591,24.68,21.91,21.55,21.26,20.72,18.87,19.34,19.98,
1645091736.8407428,24.57,22.10,21.61,21.20,20.72,18.87,19.48,19.88,
1645091736.9507413,24.59,22.00,21.38,21.20,20.81,18.69,19.42,20.10,
1645091737.0607033,24.47,22.00,21.48,21.14,20.72,18.81,19.38,20.02,
1645091737.1707358,24.59,21.99,21.51,21.20,20.72,18.87,19.38,20.15,
1645091737.2807393,24.53,21.81,21.57,21.20,20.72,18.81,19.36,19.92,
1645091737.3907387,24.55,21.97,21.53,21.26,20.77,18.87,19.32,19.98,
1645091737.4907386,24.47,21.93,21.55,21.20,20.77,18.94,19.48,20.06,
1645091737.5907397,24.47,21.89,21.49,21.18,20.64,18.87,19.36,20.17,
1645091737.6907425,24.47,22.04,21.61,21.20,20.64,18.94,19.32,19.96,
1645091737.792269,24.45,21.93,21.68,21.26,20.68,18.81,19.34,19.94,
1645091737.9022548,24.51,22.04,21.40,21.26,20.68,18.81,19.40,20.02,
1645091738.0122576,24.47,21.91,21.48,21.18,20.74,18.87,19.42,20.06,
1645091738.122255,24.38,21.91,21.51,21.28,20.62,18.81,19.54,20.13,
1645091738.2321682,24.53,21.93,21.46,21.14,20.68,18.87,19.44,19.98,
1645091738.3322468,24.43,21.80,21.51,21.14,20.74,18.87,19.23,20.17,
1645091738.432253,24.43,21.93,21.49,21.20,20.62,18.87,19.40,19.98,
1645091738.5322554,24.42,21.95,21.44,21.20,20.54,18.87,19.36,20.04,
1645091738.6324277,24.55,21.83,21.48,21.26,20.68,18.81,19.32,20.04,
1645091738.7424288,24.45,21.91,21.53,21.18,20.58,18.87,19.54,20.04,
1645091738.8524313,24.45,21.80,21.65,21.13,20.74,18.95,19.26,20.06,
1645091738.9524345,24.40,21.95,21.40,21.20,20.62,18.81,19.48,20.04,
1645091739.0624316,24.44,21.87,21.49,21.14,20.68,18.95,19.32,19.98,
1645091739.1724374,24.47,21.95,21.49,21.20,20.64,18.81,19.54,20.29,
1645091739.2824159,24.51,21.97,21.49,21.26,20.83,18.81,19.42,20.08,
1645091739.3824275,24.40,21.95,21.61,21.09,20.68,18.87,19.40,20.02,
1645091739.4824302,24.42,21.80,21.48,21.24,20.77,18.87,19.42,20.15,
1645091739.5824316,24.32,21.85,21.55,21.18,20.68,18.87,19.52,20.17,
1645091739.6924305,24.32,21.89,21.49,21.20,20.77,18.81,19.38,19.92,
1645091739.7945614,24.45,21.89,21.65,21.20,20.64,18.87,19.38,20.00,
1645091739.9045534,24.40,21.91,21.55,21.24,20.74,18.87,19.38,20.10,
1645091740.0045538,24.38,21.85,21.55,21.26,20.68,18.81,19.48,20.04,
1645091740.1145546,24.28,21.97,21.46,21.14,20.68,19.00,19.40,19.92,
1645091740.224565,24.36,21.81,21.55,21.26,20.81,18.87,19.40,20.25,
1645091740.3345459,24.28,22.06,21.49,21.26,20.77,18.81,19.61,19.98,
1645091740.4345536,24.38,21.93,21.42,21.18,20.58,18.81,19.28,19.98,
1645091740.5445516,24.44,21.95,21.53,21.26,20.68,18.75,19.46,20.17,
1645091740.6545534,24.25,21.82,21.53,21.07,20.83,18.87,19.42,20.08,
1645091740.7645428,24.45,21.72,21.51,21.30,20.68,18.95,19.44,20.12,
1645091740.8745522,24.28,21.76,21.53,21.13,20.64,18.95,19.34,20.21,
1645091740.9845514,24.34,21.85,21.49,21.13,20.68,18.75,19.38,20.14,
1645091741.084554,24.44,21.85,21.55,21.20,20.68,18.87,19.38,20.12,
1645091741.1944265,24.28,21.95,21.49,21.26,20.68,18.87,19.54,20.21,
1645091741.294546,24.26,21.80,21.55,21.32,20.64,18.87,19.44,20.10,
1645091741.3945482,24.40,21.83,21.38,21.18,20.81,18.75,19.38,19.92,
1645091741.4945564,24.38,21.89,21.40,21.20,20.68,18.87,19.42,20.02,
1645091741.6045506,24.32,21.85,21.42,21.20,20.74,18.87,19.34,19.96,
1645091741.7045534,24.32,21.80,21.48,21.32,20.52,18.87,19.34,20.12,
1645091741.8145442,24.32,21.76,21.51,21.18,20.62,18.87,19.44,20.02,
1645091741.9245448,24.28,21.74,21.49,21.20,20.62,18.81,19.44,20.04,
1645091742.0245514,24.32,21.72,21.46,21.32,20.74,18.95,19.48,20.10,
1645091742.134551,24.34,21.68,21.40,21.11,20.64,18.87,19.42,20.00,
1645091742.2445083,24.30,21.72,21.38,21.11,20.74,18.75,19.48,20.10,
1645091742.3545523,24.21,21.70,21.48,21.26,20.72,18.81,19.48,20.13,
1645091742.4645374,24.28,21.74,21.55,21.16,20.64,18.81,19.48,20.17,
1645091742.57455,24.30,21.76,21.51,21.07,20.74,18.87,19.50,20.04,
1645091742.6745503,24.32,21.66,21.44,21.32,20.62,19.00,19.48,20.12,
1645091742.7845516,24.34,21.66,21.49,21.26,20.72,18.87,19.44,19.80,
1645091742.8861773,24.26,21.63,21.59,21.20,20.77,18.87,19.42,20.08,
1645091742.9961562,24.30,21.68,21.59,21.26,20.64,18.87,19.50,20.02,
1645091743.0961812,24.28,21.83,21.48,21.26,20.74,18.81,19.38,19.96,
1645091743.2061763,24.36,21.66,21.49,21.20,20.68,18.75,19.52,19.94,
1645091743.3161724,24.34,21.81,21.46,21.38,20.74,18.87,19.34,19.86,
1645091743.4261284,24.26,21.66,21.40,21.20,20.54,18.94,19.48,20.04,
1645091743.5261755,24.38,21.81,21.38,21.20,20.64,18.87,19.44,20.08,
1645091743.6361718,24.15,21.80,21.42,21.26,20.62,18.81,19.44,20.12,
1645091743.736173,24.23,21.76,21.34,21.13,20.72,18.81,19.38,20.10,
1645091743.8361757,24.32,21.76,21.48,21.26,20.58,18.95,19.38,20.00,
1645091743.9361777,24.17,21.74,21.59,21.26,20.64,18.75,19.34,20.10,
1645091744.046174,24.21,21.78,21.49,21.13,20.74,18.87,19.44,20.02,
1645091744.1561732,24.28,21.81,21.48,21.14,20.68,18.87,19.42,20.04,
1645091744.2561765,24.28,21.74,21.46,21.07,20.77,18.81,19.42,20.13,
1645091744.3661752,24.13,21.78,21.57,21.26,20.68,18.95,19.42,20.04,
1645091744.4761722,24.15,21.61,21.55,21.14,20.74,18.81,19.44,19.96,
1645091744.5861752,24.21,21.66,21.46,21.26,20.64,18.95,19.38,20.10,
1645091744.6861846,24.13,21.64,21.59,21.20,20.64,18.87,19.36,19.86,
1645091744.7961717,24.23,21.78,21.44,21.14,20.58,18.81,19.58,20.06,
1645091744.8978252,24.21,21.64,21.48,21.26,20.72,18.81,19.34,20.10,
1645091744.9978292,24.23,21.70,21.40,21.20,20.74,18.81,19.38,20.00,
1645091745.1078212,24.21,21.78,21.57,21.28,20.58,18.87,19.48,20.00,
1645091745.217813,24.21,21.61,21.36,21.20,20.68,18.87,19.36,20.13,
1645091745.3178248,24.13,21.72,21.57,21.24,20.72,18.81,19.54,20.10,
1645091745.4178252,24.32,21.57,21.46,21.18,20.68,18.81,19.21,20.04,
1645091745.5178287,24.09,21.68,21.38,21.20,20.54,18.81,19.48,20.12,
1645091745.6277006,24.13,21.72,21.36,21.32,20.68,18.94,19.38,20.10,
1645091745.7378285,24.15,21.70,21.49,21.28,20.64,18.87,19.48,19.96,
1645091745.8478203,24.04,21.61,21.46,21.32,20.64,18.94,19.38,19.98,
1645091745.9578238,24.19,21.70,21.55,21.26,20.68,18.94,19.44,19.94,
1645091746.0578363,24.13,21.59,21.53,21.26,20.77,18.81,19.52,20.12,
1645091746.1678212,24.15,21.66,21.42,21.07,20.62,18.81,19.58,20.12,
1645091746.2678213,24.13,21.70,21.36,21.20,20.68,18.81,19.48,19.98,
1645091746.37782,24.19,21.51,21.49,21.13,20.64,18.87,19.38,20.17,
1645091746.4878197,24.15,21.66,21.46,21.20,20.64,18.87,19.52,20.04,
1645091746.5977764,24.05,21.51,21.44,21.26,20.68,18.81,19.50,20.02,
1645091746.6978152,24.23,21.70,21.42,21.14,20.72,18.75,19.60,19.98,
1645091746.7978187,24.15,21.53,21.36,21.14,20.68,18.87,19.48,20.04,
1645091746.907819,24.15,21.70,21.44,21.28,20.74,18.81,19.52,19.98,
1645091747.0078268,24.15,21.61,21.42,21.14,20.77,18.87,19.28,20.08,
1645091747.1178179,24.02,21.64,21.49,21.20,20.68,18.87,19.32,20.04,
1645091747.2278085,24.11,21.61,21.36,21.32,20.72,18.75,19.28,20.25,
1645091747.3278177,24.17,21.53,21.44,21.20,20.81,18.81,19.34,20.15,
1645091747.4278207,24.02,21.59,21.32,21.20,20.62,18.95,19.42,20.02,
1645091747.5376973,24.26,21.80,21.36,21.20,20.72,18.87,19.48,20.12,
1645091747.6380074,24.15,21.55,21.32,21.26,20.72,18.81,19.32,19.96,
1645091747.7479918,24.02,21.55,21.49,21.26,20.64,18.81,19.44,20.06,
1645091747.8485682,24.17,21.53,21.44,21.13,20.68,18.81,19.42,20.10,
1645091747.958568,24.15,21.66,21.38,21.13,20.74,18.87,19.50,20.12,
1645091748.0685673,24.19,21.64,21.46,21.28,20.62,19.00,19.38,20.08,
1645091748.1785712,24.09,21.59,21.32,21.39,20.52,18.81,19.50,20.15,
1645091748.2885625,23.98,21.66,21.36,21.26,20.64,18.81,19.48,19.98,
1645091748.3885689,24.07,21.51,21.36,21.38,20.64,18.87,19.28,19.98,
1645091748.4985676,24.13,21.70,21.48,21.26,20.52,18.81,19.42,19.98,
1645091748.5985842,24.17,21.57,21.38,21.20,20.72,18.87,19.44,20.10,
1645091748.7085686,24.07,21.63,21.46,21.20,20.62,18.94,19.54,20.21,
1645091748.8085728,24.02,21.57,21.38,21.28,20.64,18.87,19.32,20.02,
1645091748.91857,24.02,21.57,21.48,21.14,20.68,18.81,19.48,20.04,
1645091749.01857,24.04,21.47,21.42,21.22,20.72,18.87,19.50,20.00,
1645091749.1185727,23.96,21.61,21.51,21.20,20.54,18.81,19.40,20.04,
1645091749.2285702,23.94,21.59,21.36,21.20,20.77,18.87,19.28,20.15,
1645091749.3385603,24.05,21.57,21.42,21.32,20.77,18.94,19.42,20.19,
1645091749.438572,23.96,21.55,21.46,21.20,20.64,18.81,19.34,19.98,
1645091749.5484455,24.15,21.55,21.23,21.28,20.74,18.81,19.38,20.27,
1645091749.6485558,24.09,21.53,21.36,21.20,20.68,18.81,19.32,20.08,
1645091749.7584722,23.98,21.53,21.32,21.26,20.77,18.94,19.42,20.00,
1645091749.8591716,24.07,21.61,21.36,21.13,20.72,18.75,19.40,19.86,
1645091749.9591799,24.00,21.53,21.44,21.18,20.83,18.81,19.34,20.00,
1645091750.0591848,23.92,21.61,21.46,21.28,20.64,18.81,19.42,20.12,
1645091750.1591866,23.96,21.53,21.32,21.24,20.68,18.87,19.44,20.13,
1645091750.2691815,23.98,21.45,21.36,21.20,20.62,18.94,19.34,20.00,
1645091750.379172,24.02,21.51,21.42,21.26,20.77,18.81,19.58,20.13,
1645091750.479183,24.05,21.49,21.42,21.24,20.81,18.87,19.42,20.02,
1645091750.5891821,24.11,21.45,21.38,21.28,20.54,18.87,19.44,20.02,
1645091750.6891828,24.07,21.61,21.38,21.28,20.68,18.81,19.52,19.98,
1645091750.7891839,23.90,21.49,21.46,21.39,20.68,18.87,19.40,20.19,
1645091750.8891864,23.94,21.53,21.48,21.32,20.58,18.95,19.40,19.98,
1645091750.9991772,24.09,21.53,21.46,21.18,20.77,18.75,19.52,20.10,
1645091751.1091847,24.02,21.55,21.38,21.14,20.64,18.81,19.34,20.10,
1645091751.2191832,23.96,21.64,21.42,21.13,20.64,18.87,19.48,19.88,
1645091751.3291824,24.05,21.47,21.44,21.26,20.74,18.95,19.52,20.06,
1645091751.439181,24.00,21.55,21.30,21.20,20.68,18.81,19.38,20.00,
1645091751.5491805,24.00,21.55,21.48,21.28,20.64,18.87,19.52,20.02,
1645091751.649181,23.92,21.49,21.36,21.26,20.72,18.87,19.34,20.12,
1645091751.7491965,23.96,21.42,21.29,21.18,20.74,18.87,19.48,20.12,
1645091751.8591785,24.04,21.42,21.36,21.32,20.68,18.87,19.44,20.10,
1645091751.969182,23.83,21.47,21.53,21.22,20.54,18.87,19.50,20.00,
1645091752.0791805,23.98,21.51,21.44,21.26,20.68,18.81,19.28,20.10,
1645091752.1891782,24.00,21.49,21.38,21.28,20.64,18.81,19.38,20.14,
1645091752.2891796,23.92,21.40,21.36,21.26,20.72,18.81,19.48,20.08,
1645091752.3891835,23.96,21.42,21.38,21.26,20.74,18.87,19.38,20.10,
1645091752.4891922,24.05,21.51,21.42,21.26,20.74,18.81,19.44,20.25,
1645091752.5991755,23.98,21.40,21.29,21.34,20.62,18.87,19.38,19.98,
1645091752.7091804,23.94,21.51,21.49,21.15,20.68,18.87,19.52,20.00,
1645091752.8091824,24.04,21.46,21.46,21.26,20.74,18.87,19.38,20.02,
1645091752.9212468,23.90,21.46,21.48,21.26,20.64,18.81,19.52,20.04,
1645091753.031232,23.85,21.64,21.40,21.20,20.58,18.95,19.44,20.21,
1645091753.1314192,24.02,21.44,21.38,21.13,20.68,18.87,19.36,20.04,
1645091753.241418,24.04,21.64,21.27,21.13,20.72,18.87,19.32,20.10,
1645091753.341418,23.92,21.36,21.53,21.32,20.68,18.87,19.44,20.12,
1645091753.451411,23.92,21.46,21.29,21.20,20.64,18.81,19.44,20.25,
1645091753.5613952,23.90,21.46,21.40,21.38,20.72,18.87,19.32,20.06,
1645091753.6614032,24.02,21.55,21.42,21.13,20.72,18.81,19.44,20.14,
1645091753.7714105,23.96,21.46,21.42,21.26,20.64,18.95,19.38,20.10,
1645091753.8814015,24.02,21.55,21.32,21.14,20.74,19.00,19.38,19.92,
1645091753.9814053,24.04,21.59,21.36,21.32,20.62,18.87,19.40,20.10,
1645091754.0914009,23.85,21.47,21.40,21.18,20.68,18.87,19.42,20.04,
1645091754.1914206,23.98,21.34,21.30,21.13,20.68,18.87,19.48,20.02,
1645091754.3013926,23.92,21.45,21.29,21.32,20.72,18.95,19.36,20.19,
1645091754.4014223,23.92,21.45,21.46,21.26,20.68,18.81,19.23,20.00,
1645091754.5114155,23.96,21.42,21.36,21.18,20.62,18.81,19.56,20.17,
1645091754.6114159,23.83,21.42,21.29,21.26,20.54,18.87,19.38,20.10,
1645091754.7214131,24.02,21.47,21.27,21.24,20.64,18.95,19.44,20.15,
1645091754.8214226,24.00,21.44,21.36,21.26,20.64,18.87,19.38,20.10,
1645091754.922987,23.90,21.40,21.34,21.26,20.74,18.94,19.23,20.21,
1645091755.0329995,23.86,21.45,21.38,21.26,20.74,18.94,19.32,20.00,
1645091755.1330032,23.85,21.45,21.32,21.14,20.81,18.81,19.36,19.84,
1645091755.2429984,23.83,21.42,21.36,21.22,20.74,18.94,19.42,20.27,
1645091755.3430066,23.94,21.49,21.34,21.14,20.72,18.81,19.48,20.15,
1645091755.4529896,23.85,21.47,21.46,21.20,20.74,18.94,19.54,20.06,
1645091755.552994,23.96,21.45,21.36,21.13,20.64,18.81,19.38,20.15,
1645091755.6629941,23.90,21.32,21.32,21.26,20.72,18.87,19.42,20.04,
1645091755.7629998,24.00,21.42,21.40,21.20,20.64,18.87,19.38,20.12,
1645091755.8729937,23.85,21.53,21.40,21.20,20.74,18.95,19.42,19.98,
